3,8,8,8,0,0,0,0,0,0,0,0,0,0,0,0,0,0,0,0,0,0,3151,0,0,0,0,0,0,0,0,0,-0.03515625,0,0,0,0,0,0,0,0,0,0.373046875,0,0,0,0,0,0,0,0,background
3,8,8,8,0,0,0,0,0,0,0,0,0,0,0,0,0,0,0,0,0,0,3118,0,0,0,0,0,0,0,0,0,-0.03515625,0,0,0,0,0,0,0,0,0,0.373046875,0,0,0,0,0,0,0,0,background
2,7,33,0,0,0,0,0,0,0,0,0,0,0,0,0,0,0,0,0,0,3961,968,0,0,0,0,0,0,0,0,-0.021484375,-0.09765625,0,0,0,0,0,0,0,0,0.328125,1.544921875,0,0,0,0,0,0,0,0,background
2,7,33,0,0,0,0,0,0,0,0,0,0,0,0,0,0,0,0,0,0,4946,1013,0,0,0,0,0,0,0,0,-0.03125,-0.048828125,0,0,0,0,0,0,0,0,0.326171875,1.546875,0,0,0,0,0,0,0,0,background
4,8,8,8,8,0,0,0,0,0,0,0,0,0,0,0,0,0,0,0,0,0,0,2740,0,0,0,0,0,0,0,0,0,-0.17578125,0,0,0,0,0,0,0,0,0,0.33203125,0,0,0,0,0,0,0,background
4,8,8,8,8,0,0,0,0,0,0,0,0,0,0,0,0,0,0,0,0,0,0,2835,0,0,0,0,0,0,0,0,0,0.17578125,0,0,0,0,0,0,0,0,0,0.33203125,0,0,0,0,0,0,0,background
4,8,8,8,8,0,0,0,0,0,0,0,0,0,0,0,0,0,0,0,0,0,0,3922,0,0,0,0,0,0,0,0,0,0.17578125,0,0,0,0,0,0,0,0,0,0.33203125,0,0,0,0,0,0,0,background
3,8,32,34,0,0,0,0,0,0,0,0,0,0,0,0,0,0,0,0,0,6805,998,878,0,0,0,0,0,0,0,-0.01171875,0.09375,-0.099609375,0,0,0,0,0,0,0,0.375,1.498046875,1.591796875,0,0,0,0,0,0,0,background
3,8,32,34,0,0,0,0,0,0,0,0,0,0,0,0,0,0,0,0,0,7814,1029,877,0,0,0,0,0,0,0,-0.01171875,0.140625,-0.099609375,0,0,0,0,0,0,0,0.375,1.494140625,1.591796875,0,0,0,0,0,0,0,background
3,8,32,34,0,0,0,0,0,0,0,0,0,0,0,0,0,0,0,0,0,6097,964,924,0,0,0,0,0,0,0,0.03515625,0.09375,-0.099609375,0,0,0,0,0,0,0,0.373046875,1.498046875,1.591796875,0,0,0,0,0,0,0,background
3,8,32,34,0,0,0,0,0,0,0,0,0,0,0,0,0,0,0,0,0,7436,965,917,0,0,0,0,0,0,0,0.0234375,0.09375,-0.150390625,0,0,0,0,0,0,0,0.375,1.498046875,1.587890625,0,0,0,0,0,0,0,background
3,8,32,34,0,0,0,0,0,0,0,0,0,0,0,0,0,0,0,0,0,5648,932,889,0,0,0,0,0,0,0,0.0234375,0.09375,-0.150390625,0,0,0,0,0,0,0,0.375,1.498046875,1.587890625,0,0,0,0,0,0,0,background
3,8,8,8,0,0,0,0,0,0,0,0,0,0,0,0,0,0,0,0,0,0,3089,0,0,0,0,0,0,0,0,0,-0.1171875,0,0,0,0,0,0,0,0,0,0.35546875,0,0,0,0,0,0,0,0,background
2,8,32,0,0,0,0,0,0,0,0,0,0,0,0,0,0,0,0,0,0,3577,884,0,0,0,0,0,0,0,0,0.01171875,0.09375,0,0,0,0,0,0,0,0,0.375,1.498046875,0,0,0,0,0,0,0,0,background
3,8,8,8,0,0,0,0,0,0,0,0,0,0,0,0,0,0,0,0,0,0,1094,0,0,0,0,0,0,0,0,0,-0.0234375,0,0,0,0,0,0,0,0,0,0.375,0,0,0,0,0,0,0,0,background
3,8,32,34,0,0,0,0,0,0,0,0,0,0,0,0,0,0,0,0,0,2781,887,907,0,0,0,0,0,0,0,0.01171875,0.09375,-0.099609375,0,0,0,0,0,0,0,0.375,1.498046875,1.591796875,0,0,0,0,0,0,0,background
3,8,31,34,0,0,0,0,0,0,0,0,0,0,0,0,0,0,0,0,0,2642,853,928,0,0,0,0,0,0,0,-0.08203125,0.13671875,-0.150390625,0,0,0,0,0,0,0,0.365234375,1.447265625,1.587890625,0,0,0,0,0,0,0,background
5,9,9,9,9,9,0,0,0,0,0,0,0,0,0,0,0,0,0,0,0,0,0,1174,0,0,0,0,0,0,0,0,0,-0.10546875,0,0,0,0,0,0,0,0,0,0.408203125,0,0,0,0,0,0,0,background
4,8,8,8,8,0,0,0,0,0,0,0,0,0,0,0,0,0,0,0,0,0,0,1338,0,0,0,0,0,0,0,0,0,-0.140625,0,0,0,0,0,0,0,0,0,0.34765625,0,0,0,0,0,0,0,background
3,8,32,34,0,0,0,0,0,0,0,0,0,0,0,0,0,0,0,0,0,3023,943,906,0,0,0,0,0,0,0,0.0,0.09375,-0.099609375,0,0,0,0,0,0,0,0.375,1.498046875,1.591796875,0,0,0,0,0,0,0,background
2,9,9,0,0,0,0,0,0,0,0,0,1,0,0,0,0,0,0,0,0,0,2615,0,0,0,0,0,0,0,0,0,-0.119140625,0,0,0,0,0,0,0,0,0,0.404296875,0,0,0,0,0,0,0,0,background
2,9,32,0,0,0,0,0,0,0,0,0,0,0,0,0,0,0,0,0,0,3005,935,0,0,0,0,0,0,0,0,-0.1328125,0.09375,0,0,0,0,0,0,0,0,0.400390625,1.498046875,0,0,0,0,0,0,0,0,background
2,9,32,0,0,0,0,0,0,0,0,0,0,0,0,0,0,0,0,0,0,2914,936,0,0,0,0,0,0,0,0,-0.119140625,0.09375,0,0,0,0,0,0,0,0,0.404296875,1.498046875,0,0,0,0,0,0,0,0,background
3,8,8,8,0,0,0,0,0,0,0,0,0,0,0,0,0,0,0,0,0,0,2641,0,0,0,0,0,0,0,0,0,-0.08203125,0,0,0,0,0,0,0,0,0,0.365234375,0,0,0,0,0,0,0,0,background
4,9,9,9,9,0,0,0,0,0,0,0,0,0,0,0,0,0,0,0,0,0,0,2385,0,0,0,0,0,0,0,0,0,-0.25,0,0,0,0,0,0,0,0,0,0.33984375,0,0,0,0,0,0,0,background
4,8,8,8,8,0,0,0,0,0,0,0,0,0,0,0,0,0,0,0,0,0,0,2087,0,0,0,0,0,0,0,0,0,0.01171875,0,0,0,0,0,0,0,0,0,0.375,0,0,0,0,0,0,0,background
3,8,14,32,0,0,0,0,0,0,0,0,0,0,0,0,0,0,0,0,0,2531,1723,958,0,0,0,0,0,0,0,0.140625,-0.021484375,0.09375,0,0,0,0,0,0,0,0.34765625,0.65625,1.498046875,0,0,0,0,0,0,0,background
4,8,14,32,34,0,0,0,0,0,0,0,0,0,0,0,0,0,0,0,0,2219,1922,959,911,0,0,0,0,0,0,0.140625,0.0,0.09375,-0.099609375,0,0,0,0,0,0,0.34765625,0.65625,1.498046875,1.591796875,0,0,0,0,0,0,background
4,8,14,32,34,0,0,0,0,0,0,0,0,0,0,0,0,0,0,0,0,2154,2047,957,913,0,0,0,0,0,0,0.140625,0.021484375,0.09375,-0.099609375,0,0,0,0,0,0,0.34765625,0.65625,1.498046875,1.591796875,0,0,0,0,0,0,background
5,8,8,8,8,8,0,0,0,0,0,0,0,0,0,0,0,0,0,0,0,0,0,1887,0,0,0,0,0,0,0,0,0,0.140625,0,0,0,0,0,0,0,0,0,0.34765625,0,0,0,0,0,0,0,button
3,8,10,32,0,0,0,0,0,0,0,0,0,0,0,0,0,0,0,0,0,3071,1068,1001,0,0,0,0,0,0,0,0.0234375,-0.146484375,0.09375,0,0,0,0,0,0,0,0.375,0.4453125,1.498046875,0,0,0,0,0,0,0,button
2,8,32,0,0,0,0,0,0,0,0,0,0,0,0,0,0,0,0,0,0,2739,1035,0,0,0,0,0,0,0,0,0.0234375,0.09375,0,0,0,0,0,0,0,0,0.375,1.498046875,0,0,0,0,0,0,0,0,button
2,9,32,0,0,0,0,0,0,0,0,0,0,0,0,0,0,0,0,0,0,2308,1030,0,0,0,0,0,0,0,0,-0.158203125,0.09375,0,0,0,0,0,0,0,0,0.390625,1.498046875,0,0,0,0,0,0,0,0,button
4,8,8,8,8,0,0,0,0,0,0,0,0,0,0,0,0,0,0,0,0,0,0,2187,0,0,0,0,0,0,0,0,0,-0.17578125,0,0,0,0,0,0,0,0,0,0.33203125,0,0,0,0,0,0,0,button
2,8,32,0,0,0,0,0,0,0,0,0,0,0,0,0,0,0,0,0,0,3976,1043,0,0,0,0,0,0,0,0,-0.046875,0.09375,0,0,0,0,0,0,0,0,0.373046875,1.498046875,0,0,0,0,0,0,0,0,button
2,8,32,0,0,0,0,0,0,0,0,0,0,0,0,0,0,0,0,0,0,4446,1041,0,0,0,0,0,0,0,0,-0.0234375,0.09375,0,0,0,0,0,0,0,0,0.375,1.498046875,0,0,0,0,0,0,0,0,button
2,8,32,0,0,0,0,0,0,0,0,0,0,0,0,0,0,0,0,0,0,4377,1017,0,0,0,0,0,0,0,0,-0.03515625,0.09375,0,0,0,0,0,0,0,0,0.373046875,1.498046875,0,0,0,0,0,0,0,0,button
3,8,8,8,0,0,0,0,0,0,0,0,0,0,0,0,0,0,0,0,0,0,1752,0,0,0,0,0,0,0,0,0,0.0,0,0,0,0,0,0,0,0,0,0.375,0,0,0,0,0,0,0,0,button
2,9,9,0,0,0,0,0,0,0,0,0,1,0,0,0,0,0,0,0,0,0,2258,0,0,0,0,0,0,0,0,0,-0.119140625,0,0,0,0,0,0,0,0,0,0.404296875,0,0,0,0,0,0,0,0,button
2,8,32,0,0,0,0,0,0,0,0,0,0,0,0,0,0,0,0,0,0,5290,883,0,0,0,0,0,0,0,0,-0.046875,0.09375,0,0,0,0,0,0,0,0,0.373046875,1.498046875,0,0,0,0,0,0,0,0,button
3,8,8,8,0,0,0,0,0,0,0,0,-1,0,0,0,0,0,0,0,0,0,4562,0,0,0,0,0,0,0,0,0,-0.046875,0,0,0,0,0,0,0,0,0,0.373046875,0,0,0,0,0,0,0,0,button
6,8,8,8,8,8,8,0,0,0,0,0,0,0,-1,0,0,0,0,0,0,0,0,0,2021,0,0,0,0,0,0,0,0,0,-0.0234375,0,0,0,0,0,0,0,0,0,0.375,0,0,0,0,0,0,button
3,8,8,8,0,0,0,0,0,0,0,0,2,0,0,0,0,0,0,0,0,0,2791,0,0,0,0,0,0,0,0,0,0.0234375,0,0,0,0,0,0,0,0,0,0.375,0,0,0,0,0,0,0,0,button
4,8,8,8,8,0,0,0,0,0,0,0,0,1,0,0,0,0,0,0,0,0,0,2373,0,0,0,0,0,0,0,0,0,-0.10546875,0,0,0,0,0,0,0,0,0,0.359375,0,0,0,0,0,0,0,button
6,8,8,8,8,8,16,0,0,0,0,0,0,0,0,0,5,0,0,0,0,0,0,0,3420,0,26,0,0,0,0,0,0,0,-0.0703125,0,-0.65625,0,0,0,0,0,0,0,0.369140625,0,0.36328125,0,0,0,0,button
4,8,14,32,34,0,0,0,0,0,0,0,0,0,0,0,0,0,0,0,0,4247,2253,761,790,0,0,0,0,0,0,0.0,0.0,0.140625,-0.150390625,0,0,0,0,0,0,0.375,0.65625,1.494140625,1.587890625,0,0,0,0,0,0,button
4,8,8,8,8,0,0,0,0,0,0,0,0,-1,0,0,0,0,0,0,0,0,0,2491,0,0,0,0,0,0,0,0,0,-0.10546875,0,0,0,0,0,0,0,0,0,0.359375,0,0,0,0,0,0,0,button
3,8,8,8,0,0,0,0,0,0,0,0,4,0,0,0,0,0,0,0,0,0,740,0,0,0,0,0,0,0,0,0,0.12890625,0,0,0,0,0,0,0,0,0,0.3515625,0,0,0,0,0,0,0,0,background
9,8,8,8,8,8,8,8,8,8,0,0,0,0,0,1,0,0,0,0,0,0,0,0,0,1040,0,0,0,0,0,0,0,0,0,-0.19921875,0,0,0,0,0,0,0,0,0,0.318359375,0,0,0,0,0,background
6,8,8,8,8,8,8,0,0,0,0,0,0,0,6,0,0,0,0,0,0,0,0,0,529,0,0,0,0,0,0,0,0,0,0.28125,0,0,0,0,0,0,0,0,0,0.248046875,0,0,0,0,0,0,background
3,8,8,8,0,0,0,0,0,0,0,0,2,0,0,0,0,0,0,0,0,0,1772,0,0,0,0,0,0,0,0,0,0.1171875,0,0,0,0,0,0,0,0,0,0.35546875,0,0,0,0,0,0,0,0,background
4,8,8,8,8,0,0,0,0,0,0,0,0,-1,0,0,0,0,0,0,0,0,0,2108,0,0,0,0,0,0,0,0,0,0.10546875,0,0,0,0,0,0,0,0,0,0.359375,0,0,0,0,0,0,0,background
5,8,8,8,8,8,0,0,0,0,0,0,0,-1,0,0,0,0,0,0,0,0,0,2007,0,0,0,0,0,0,0,0,0,-0.22265625,0,0,0,0,0,0,0,0,0,0.302734375,0,0,0,0,0,0,0,background
4,8,8,8,8,0,0,0,0,0,0,0,0,0,0,0,0,0,0,0,0,0,0,1610,0,0,0,0,0,0,0,0,0,-0.234375,0,0,0,0,0,0,0,0,0,0.29296875,0,0,0,0,0,0,0,background
3,8,8,8,0,0,0,0,0,0,0,0,0,0,0,0,0,0,0,0,0,0,2163,0,0,0,0,0,0,0,0,0,-0.234375,0,0,0,0,0,0,0,0,0,0.29296875,0,0,0,0,0,0,0,0,background
3,8,8,8,0,0,0,0,0,0,0,0,0,0,0,0,0,0,0,0,0,0,1564,0,0,0,0,0,0,0,0,0,0.140625,0,0,0,0,0,0,0,0,0,0.34765625,0,0,0,0,0,0,0,0,background
3,8,8,8,0,0,0,0,0,0,0,0,0,0,0,0,0,0,0,0,0,0,1780,0,0,0,0,0,0,0,0,0,-0.10546875,0,0,0,0,0,0,0,0,0,0.359375,0,0,0,0,0,0,0,0,background
3,8,8,8,0,0,0,0,0,0,0,0,0,0,0,0,0,0,0,0,0,0,2211,0,0,0,0,0,0,0,0,0,0.12890625,0,0,0,0,0,0,0,0,0,0.3515625,0,0,0,0,0,0,0,0,background
3,8,8,8,0,0,0,0,0,0,0,0,0,0,0,0,0,0,0,0,0,0,2009,0,0,0,0,0,0,0,0,0,0.12890625,0,0,0,0,0,0,0,0,0,0.3515625,0,0,0,0,0,0,0,0,background
3,8,8,8,0,0,0,0,0,0,0,0,0,0,0,0,0,0,0,0,0,0,2175,0,0,0,0,0,0,0,0,0,0.12890625,0,0,0,0,0,0,0,0,0,0.3515625,0,0,0,0,0,0,0,0,background
2,8,34,0,0,0,0,0,0,0,0,0,0,0,0,0,0,0,0,0,0,2424,1016,0,0,0,0,0,0,0,0,-0.10546875,-0.150390625,0,0,0,0,0,0,0,0,0.359375,1.587890625,0,0,0,0,0,0,0,0,background
3,8,17,17,0,0,0,0,0,0,0,0,3,0,0,0,0,0,0,0,0,2772,22,0,0,0,0,0,0,0,0,-0.1171875,-0.19921875,0,0,0,0,0,0,0,0,0.35546875,0.771484375,0,0,0,0,0,0,0,0,background
3,8,14,14,0,0,0,0,0,0,0,0,-3,0,0,0,0,0,0,0,0,3325,88,0,0,0,0,0,0,0,0,-0.12890625,-0.30859375,0,0,0,0,0,0,0,0,0.3515625,0.580078125,0,0,0,0,0,0,0,0,background
2,8,34,0,0,0,0,0,0,0,0,0,0,0,0,0,0,0,0,0,0,3266,827,0,0,0,0,0,0,0,0,-0.12890625,-0.150390625,0,0,0,0,0,0,0,0,0.3515625,1.587890625,0,0,0,0,0,0,0,0,background
2,8,34,0,0,0,0,0,0,0,0,0,0,0,0,0,0,0,0,0,0,2981,856,0,0,0,0,0,0,0,0,-0.12890625,-0.150390625,0,0,0,0,0,0,0,0,0.3515625,1.587890625,0,0,0,0,0,0,0,0,background
3,8,8,8,0,0,0,0,0,0,0,0,-1,0,0,0,0,0,0,0,0,0,2610,0,0,0,0,0,0,0,0,0,-0.12890625,0,0,0,0,0,0,0,0,0,0.3515625,0,0,0,0,0,0,0,0,background
5,8,8,8,8,8,0,0,0,0,0,0,0,-1,0,0,0,0,0,0,0,0,0,1907,0,0,0,0,0,0,0,0,0,0.10546875,0,0,0,0,0,0,0,0,0,0.359375,0,0,0,0,0,0,0,background
5,8,8,8,8,8,0,0,0,0,0,0,0,-1,0,0,0,0,0,0,0,0,0,1273,0,0,0,0,0,0,0,0,0,-0.03515625,0,0,0,0,0,0,0,0,0,0.373046875,0,0,0,0,0,0,0,background
2,8,8,0,0,0,0,0,0,0,0,0,-1,0,0,0,0,0,0,0,0,0,1359,0,0,0,0,0,0,0,0,0,0.1171875,0,0,0,0,0,0,0,0,0,0.35546875,0,0,0,0,0,0,0,0,background
3,8,8,8,0,0,0,0,0,0,0,0,0,0,0,0,0,0,0,0,0,0,1737,0,0,0,0,0,0,0,0,0,-0.046875,0,0,0,0,0,0,0,0,0,0.373046875,0,0,0,0,0,0,0,0,background
3,8,8,8,0,0,0,0,0,0,0,0,0,0,0,0,0,0,0,0,0,0,2437,0,0,0,0,0,0,0,0,0,-0.17578125,0,0,0,0,0,0,0,0,0,0.33203125,0,0,0,0,0,0,0,0,background
2,8,34,0,0,0,0,0,0,0,0,0,0,0,0,0,0,0,0,0,0,2751,868,0,0,0,0,0,0,0,0,-0.0703125,-0.150390625,0,0,0,0,0,0,0,0,0.369140625,1.587890625,0,0,0,0,0,0,0,0,background
5,8,8,8,8,8,0,0,0,0,0,0,0,0,0,0,0,0,0,0,0,0,0,2116,0,0,0,0,0,0,0,0,0,-0.19921875,0,0,0,0,0,0,0,0,0,0.318359375,0,0,0,0,0,0,0,background
4,8,8,8,8,0,0,0,0,0,0,0,0,0,0,0,0,0,0,0,0,0,0,2001,0,0,0,0,0,0,0,0,0,-0.19921875,0,0,0,0,0,0,0,0,0,0.318359375,0,0,0,0,0,0,0,background
4,14,14,14,32,0,0,0,0,0,0,0,0,1,0,0,0,0,0,0,0,0,0,1408,605,0,0,0,0,0,0,0,0,0.021484375,-0.375,0,0,0,0,0,0,0,0,0.65625,1.453125,0,0,0,0,0,0,background
5,8,8,8,8,8,0,0,0,0,0,0,0,0,0,0,0,0,0,0,0,0,0,1026,0,0,0,0,0,0,0,0,0,0.01171875,0,0,0,0,0,0,0,0,0,0.375,0,0,0,0,0,0,0,background
5,8,8,8,14,34,0,0,0,0,0,0,0,1,2,0,0,0,0,0,0,0,0,2355,1805,699,0,0,0,0,0,0,0,-0.0234375,0.0,0.548828125,0,0,0,0,0,0,0,0.375,0.65625,1.49609375,0,0,0,0,0,background
9,8,8,8,8,8,8,8,8,9,0,0,0,0,0,1,0,0,0,-1,0,0,0,0,0,1184,0,0,0,918,0,0,0,0,0,0.1171875,0,0,0,-0.263671875,0,0,0,0,0,0.35546875,0,0,0,0.330078125,0,background
6,8,8,8,14,31,34,0,0,0,0,0,2,0,2,0,0,0,0,0,0,0,2183,0,1781,473,689,0,0,0,0,0,0.0234375,0,0.0,-0.63671875,0.548828125,0,0,0,0,0,0.375,0,0.65625,1.306640625,1.49609375,0,0,0,0,background
5,8,8,8,8,8,0,0,0,0,0,0,0,3,0,0,0,0,0,0,0,0,0,1201,0,0,0,0,0,0,0,0,0,0.03515625,0,0,0,0,0,0,0,0,0,0.373046875,0,0,0,0,0,0,0,background
5,8,8,8,8,34,0,0,0,0,0,0,0,2,0,0,0,0,0,0,0,0,0,3576,0,730,0,0,0,0,0,0,0,0.046875,0,0.548828125,0,0,0,0,0,0,0,0.373046875,0,1.49609375,0,0,0,0,0,background
9,8,8,8,8,8,8,8,8,34,0,0,0,0,0,0,0,0,0,0,0,0,0,0,0,0,1242,0,0,732,0,0,0,0,0,0,-0.10546875,0,0,0.548828125,0,0,0,0,0,0,0.359375,0,0,1.49609375,0,background
10,9,9,9,9,9,9,9,9,9,9,0,0,0,0,0,0,-3,0,0,0,0,0,0,0,0,0,188,0,0,0,0,0,0,0,0,0,0.091796875,0,0,0,0,0,0,0,0,0,0.412109375,0,0,0,background
9,15,15,15,16,16,16,16,16,16,0,0,1,0,0,3,0,0,0,0,0,0,373,0,0,485,0,0,0,0,0,0,-0.021484375,0,0,0.28125,0,0,0,0,0,0,0.703125,0,0,0.6953125,0,0,0,0,0,background
7,14,16,16,16,19,32,34,0,0,0,0,0,0,2,7,0,0,0,0,0,784,0,0,709,31,681,744,0,0,0,0.041015625,0,0,-0.09375,0.111328125,-0.328125,0.548828125,0,0,0,0.654296875,0,0,0.744140625,0.8828125,1.462890625,1.49609375,0,0,0,background
6,16,16,16,32,32,34,0,0,0,0,0,2,0,0,0,0,0,0,0,0,0,522,0,723,0,745,0,0,0,0,0,0.2109375,0,-0.328125,0,0.548828125,0,0,0,0,0,0.720703125,0,1.462890625,0,1.49609375,0,0,0,0,background
3,15,15,34,0,0,0,0,0,0,0,0,1,0,0,0,0,0,0,0,0,0,674,734,0,0,0,0,0,0,0,0,-0.044921875,0.548828125,0,0,0,0,0,0,0,0,0.701171875,1.49609375,0,0,0,0,0,0,0,background
6,16,16,16,16,16,16,0,0,0,0,0,0,0,1,0,0,0,0,0,0,0,0,0,385,0,0,0,0,0,0,0,0,0,-0.140625,0,0,0,0,0,0,0,0,0,0.736328125,0,0,0,0,0,0,background
