numObj,rangeIdx,range,dopplerIdx,doppler,peakVal,x,y,z,Label
2,[ 9 30],[0.421875 1.40625 ],[0 0],[0. 0.],[7004  986],[0.         0.08789062],[0.421875   1.40429688],[0. 0.],background
2,[ 9 30],[0.421875 1.40625 ],[0 0],[0. 0.],[7702  980],[0.         0.08789062],[0.421875   1.40429688],[0. 0.],background
2,[ 9 30],[0.421875 1.40625 ],[0 0],[0. 0.],[7673  934],[0.         0.08789062],[0.421875   1.40429688],[0. 0.],background
2,[ 9 30],[0.421875 1.40625 ],[0 0],[0. 0.],[7374  884],[0.         0.08789062],[0.421875   1.40429688],[0. 0.],background
2,[ 9 30],[0.421875 1.40625 ],[0 0],[0. 0.],[7249  844],[0.         0.04492188],[0.421875 1.40625 ],[0. 0.],background
2,[ 9 29],[0.421875 1.359375],[0 0],[0. 0.],[7062  759],[0.         0.04296875],[0.421875 1.359375],[0. 0.],background
2,[ 9 29],[0.421875 1.359375],[0 0],[0. 0.],[6325  732],[0.         0.04296875],[0.421875 1.359375],[0. 0.],background
2,[ 9 29],[0.421875 1.359375],[0 0],[0. 0.],[5136  708],[0.         0.04296875],[0.421875 1.359375],[0. 0.],background
3,[ 8 11 29],[0.375    0.515625 1.359375],[0 0 0],[0. 0. 0.],[3095 3583  685],[0.0234375  0.2578125  0.04296875],[0.375      0.44726562 1.359375  ],[0. 0. 0.],background
5,[ 7 10 29  7 10],[0.328125 0.46875  1.359375 0.328125 0.46875 ],[0 0 0 0 0],[0. 0. 0. 0. 0.],[2047 3664  682 1463 3355],[ 0.05078125  0.22070312  0.04296875 -0.07226562 -0.46875   ],[0.32421875 0.4140625  1.359375   0.3203125  0.        ],[0. 0. 0. 0. 0.],background
4,[ 7 10 29 10],[0.328125 0.46875  1.359375 0.46875 ],[0 0 0 0],[0. 0. 0. 0.],[2419 3815  685 3291],[ 0.04101562  0.22070312  0.04296875 -0.45507812],[0.32617188 0.4140625  1.359375   0.1171875 ],[0. 0. 0. 0.],background
3,[10 29 10],[0.46875  1.359375 0.46875 ],[0 0 0],[0. 0. 0.],[3896  683 3247],[ 0.22070312  0.04296875 -0.45507812],[0.4140625 1.359375  0.1171875],[0. 0. 0.],background
2,[11 29],[0.515625 1.359375],[0 0],[0. 0.],[3899  698],[0.2578125  0.04296875],[0.44726562 1.359375  ],[0. 0.],background
2,[11 29],[0.515625 1.359375],[0 0],[0. 0.],[4055  699],[0.2578125  0.04296875],[0.44726562 1.359375  ],[0. 0.],background
4,[ 8 10 29 10],[0.375    0.46875  1.359375 0.46875 ],[0 0 0 0],[0. 0. 0. 0.],[4608 4382  695 3364],[ 0.0234375   0.22070312  0.04296875 -0.43945312],[0.375     0.4140625 1.359375  0.1640625],[0. 0. 0. 0.],background
3,[ 8 10 29],[0.375    0.46875  1.359375],[0 0 0],[0. 0. 0.],[4158 4393  700],[0.0234375  0.22070312 0.04296875],[0.375     0.4140625 1.359375 ],[0. 0. 0.],background
2,[10 29],[0.46875  1.359375],[0 0],[0. 0.],[4240  695],[0.22070312 0.04296875],[0.4140625 1.359375 ],[0. 0.],background
3,[10 29 10],[0.46875  1.359375 0.46875 ],[0 0 0],[0. 0. 0.],[4023  685 2991],[ 0.234375    0.04296875 -0.22070312],[0.40625   1.359375  0.4140625],[0. 0. 0.],background
3,[10 30 10],[0.46875 1.40625 0.46875],[0 0 0],[0. 0. 0.],[3697  692 3413],[ 0.234375    0.04492188 -0.22070312],[0.40625   1.40625   0.4140625],[0. 0. 0.],background
3,[10 30 10],[0.46875 1.40625 0.46875],[0 0 0],[0. 0. 0.],[3599  675 3370],[-0.22070312  0.04492188  0.25      ],[0.4140625  1.40625    0.39648438],[0. 0. 0.],background
3,[10 29 10],[0.46875  1.359375 0.46875 ],[0 0 0],[0. 0. 0.],[3840  644 3831],[-0.22070312  0.04296875 -0.38085938],[0.4140625 1.359375  0.2734375],[0. 0. 0.],background
3,[10 29 10],[0.46875  1.359375 0.46875 ],[0 0 0],[0. 0. 0.],[3966  636 3915],[-0.22070312  0.04296875 -0.38085938],[0.4140625 1.359375  0.2734375],[0. 0. 0.],background
3,[10 29 10],[0.46875  1.359375 0.46875 ],[0 0 0],[0. 0. 0.],[3499  640 3307],[-0.22070312  0.04296875 -0.38085938],[0.4140625 1.359375  0.2734375],[0. 0. 0.],background
2,[ 9 29],[0.421875 1.359375],[0 0],[0. 0.],[4234  639],[0.01367188 0.04296875],[0.421875 1.359375],[0. 0.],background
2,[ 9 29],[0.421875 1.359375],[0 0],[0. 0.],[4163  639],[0.01367188 0.04296875],[0.421875 1.359375],[0. 0.],background
2,[ 9 29],[0.421875 1.359375],[0 0],[0. 0.],[4130  643],[0.01367188 0.04296875],[0.421875 1.359375],[0. 0.],background
5,[ 9 11 30  9 11],[0.421875 0.515625 1.40625  0.421875 0.515625],[0 0 0 0 0],[0. 0. 0. 0. 0.],[3254 3752  652 2983 2852],[ 0.01367188  0.2734375   0.04492188  0.19726562 -0.41992188],[0.421875   0.4375     1.40625    0.37304688 0.30078125],[0. 0. 0. 0. 0.],background
3,[11 30 11],[0.515625 1.40625  0.515625],[0 0 0],[0. 0. 0.],[3711  650 3065],[ 0.2734375   0.04492188 -0.41992188],[0.4375     1.40625    0.30078125],[0. 0. 0.],background
3,[ 8 10 30],[0.375   0.46875 1.40625],[0 0 0],[0. 0. 0.],[3462 4183  653],[0.03515625 0.234375   0.04492188],[0.37304688 0.40625    1.40625   ],[0. 0. 0.],background
2,[10 30],[0.46875 1.40625],[0 0],[0. 0.],[4163  652],[0.234375   0.04492188],[0.40625 1.40625],[0. 0.],background
3,[ 8 10 30],[0.375   0.46875 1.40625],[0 0 0],[0. 0. 0.],[3533 4181  650],[0.03515625 0.234375   0.04492188],[0.37304688 0.40625    1.40625   ],[0. 0. 0.],background
2,[10 30],[0.46875 1.40625],[0 0],[0. 0.],[4202  635],[0.234375   0.04492188],[0.40625 1.40625],[0. 0.],background
4,[ 8 10 30 10],[0.375   0.46875 1.40625 0.46875],[0 0 0 0],[0. 0. 0. 0.],[3857 4250  625 3115],[ 0.0234375   0.234375    0.04492188 -0.05859375],[0.375      0.40625    1.40625    0.46484375],[0. 0. 0. 0.],background
3,[10 29 10],[0.46875  1.359375 0.46875 ],[0 0 0],[0. 0. 0.],[4418  610 3650],[ 0.234375    0.04296875 -0.04492188],[0.40625    1.359375   0.46679688],[0. 0. 0.],background
3,[10 29 10],[0.46875  1.359375 0.46875 ],[0 0 0],[0. 0. 0.],[4494  595 4001],[ 0.25        0.04296875 -0.04492188],[0.39648438 1.359375   0.46679688],[0. 0. 0.],background
2,[ 9 29],[0.421875 1.359375],[0 0],[0. 0.],[5429  589],[-0.01367188  0.        ],[0.421875 1.359375],[0. 0.],background
3,[ 9 30  9],[0.421875 1.40625  0.421875],[0 0 0],[0. 0. 0.],[4566  601 4325],[-0.01367188  0.         -0.19726562],[0.421875   1.40625    0.37304688],[0. 0. 0.],background
3,[ 9 30  9],[0.421875 1.40625  0.421875],[0 0 0],[0. 0. 0.],[4737  578 4539],[-0.19726562  0.         -0.01367188],[0.37304688 1.40625    0.421875  ],[0. 0. 0.],background
3,[ 9 30  9],[0.421875 1.40625  0.421875],[0 0 0],[0. 0. 0.],[4701  570 4275],[-0.19726562  0.         -0.01367188],[0.37304688 1.40625    0.421875  ],[0. 0. 0.],background
3,[ 9 30  9],[0.421875 1.40625  0.421875],[0 0 0],[0. 0. 0.],[4766  570 4094],[-0.2109375   0.          0.01367188],[0.36523438 1.40625    0.421875  ],[0. 0. 0.],background
2,[10 29],[0.46875  1.359375],[0 0],[0. 0.],[6001  561],[-0.25  0.  ],[0.39648438 1.359375  ],[0. 0.],background
2,[10 29],[0.46875  1.359375],[0 0],[0. 0.],[5902  560],[-0.25  0.  ],[0.39648438 1.359375  ],[0. 0.],background
2,[10 29],[0.46875  1.359375],[0 0],[0. 0.],[5749  559],[-0.25  0.  ],[0.39648438 1.359375  ],[0. 0.],background
3,[11 29 11],[0.515625 1.359375 0.515625],[0 0 0],[0. 0. 0.],[3944  567 3357],[-0.2578125   0.04296875  0.29101562],[0.44726562 1.359375   0.42578125],[0. 0. 0.],background
3,[11 30 11],[0.515625 1.40625  0.515625],[0 0 0],[0. 0. 0.],[3697  574 3398],[-0.2578125   0.          0.29101562],[0.44726562 1.40625    0.42578125],[0. 0. 0.],background
3,[11 30 11],[0.515625 1.40625  0.515625],[0 0 0],[0. 0. 0.],[3468  567 3215],[ 0.29101562  0.         -0.2578125 ],[0.42578125 1.40625    0.44726562],[0. 0. 0.],background
3,[11 30 11],[0.515625 1.40625  0.515625],[0 0 0],[0. 0. 0.],[3639  559 2622],[ 0.2734375  0.        -0.2578125],[0.4375     1.40625    0.44726562],[0. 0. 0.],background
2,[10 30],[0.46875 1.40625],[0 0],[0. 0.],[4458  578],[0.234375 0.      ],[0.40625 1.40625],[0. 0.],background
3,[ 8 10 30],[0.375   0.46875 1.40625],[0 0 0],[0. 0. 0.],[2913 4398  606],[-0.03515625  0.234375    0.        ],[0.37304688 0.40625    1.40625   ],[0. 0. 0.],background
2,[10 29],[0.46875  1.359375],[0 0],[0. 0.],[4080  561],[0.234375 0.      ],[0.40625  1.359375],[0. 0.],background
2,[10 30],[0.46875 1.40625],[0 0],[0. 0.],[4057  605],[0.234375 0.      ],[0.40625 1.40625],[0. 0.],background
2,[10 29],[0.46875  1.359375],[0 0],[0. 0.],[3860  558],[0.234375   0.04296875],[0.40625  1.359375],[0. 0.],background
2,[ 9 29],[0.421875 1.359375],[0 0],[0. 0.],[4821  565],[0.         0.04296875],[0.421875 1.359375],[0. 0.],background
2,[ 9 29],[0.421875 1.359375],[0 0],[0. 0.],[5422  561],[-0.01367188  0.04296875],[0.421875 1.359375],[0. 0.],background
2,[ 9 29],[0.421875 1.359375],[0 0],[0. 0.],[5665  563],[-0.01367188  0.04296875],[0.421875 1.359375],[0. 0.],background
2,[ 9 30],[0.421875 1.40625 ],[0 0],[0. 0.],[5558  602],[-0.01367188  0.        ],[0.421875 1.40625 ],[0. 0.],background
2,[ 9 30],[0.421875 1.40625 ],[0 0],[0. 0.],[5616  640],[-0.01367188  0.04492188],[0.421875 1.40625 ],[0. 0.],background
2,[ 9 30],[0.421875 1.40625 ],[0 0],[0. 0.],[5679  645],[-0.01367188  0.04492188],[0.421875 1.40625 ],[0. 0.],background
2,[ 9 30],[0.421875 1.40625 ],[0 0],[0. 0.],[5731  647],[-0.01367188  0.04492188],[0.421875 1.40625 ],[0. 0.],background
2,[ 9 30],[0.421875 1.40625 ],[0 0],[0. 0.],[5475  649],[-0.01367188  0.        ],[0.421875 1.40625 ],[0. 0.],background
2,[ 9 30],[0.421875 1.40625 ],[0 0],[0. 0.],[5508  650],[-0.01367188  0.04492188],[0.421875 1.40625 ],[0. 0.],background
2,[ 9 30],[0.421875 1.40625 ],[0 0],[0. 0.],[5795  650],[-0.01367188  0.04492188],[0.421875 1.40625 ],[0. 0.],background
2,[ 9 30],[0.421875 1.40625 ],[0 0],[0. 0.],[5880  649],[-0.01367188  0.04492188],[0.421875 1.40625 ],[0. 0.],slideUp
2,[ 9 30],[0.421875 1.40625 ],[0 0],[0. 0.],[5823  649],[-0.01367188  0.        ],[0.421875 1.40625 ],[0. 0.],slideUp
2,[ 9 30],[0.421875 1.40625 ],[0 0],[0. 0.],[5636  666],[-0.01367188  0.04492188],[0.421875 1.40625 ],[0. 0.],slideUp
2,[ 9 30],[0.421875 1.40625 ],[0 0],[0. 0.],[5571  657],[0.         0.04492188],[0.421875 1.40625 ],[0. 0.],slideUp
2,[ 9 30],[0.421875 1.40625 ],[0 0],[0. 0.],[5509  661],[0. 0.],[0.421875 1.40625 ],[0. 0.],slideUp
2,[ 9 30],[0.421875 1.40625 ],[0 0],[0. 0.],[5363  661],[-0.01367188  0.04492188],[0.421875 1.40625 ],[0. 0.],slideUp
2,[ 9 30],[0.421875 1.40625 ],[0 0],[0. 0.],[5252  678],[-0.01367188  0.04492188],[0.421875 1.40625 ],[0. 0.],slideUp
2,[ 9 30],[0.421875 1.40625 ],[0 0],[0. 0.],[5120  633],[-0.01367188  0.04492188],[0.421875 1.40625 ],[0. 0.],slideUp
2,[ 9 30],[0.421875 1.40625 ],[0 0],[0. 0.],[4863  623],[-0.01367188  0.04492188],[0.421875 1.40625 ],[0. 0.],slideUp
2,[ 9 30],[0.421875 1.40625 ],[0 0],[0. 0.],[4409  639],[-0.01367188  0.04492188],[0.421875 1.40625 ],[0. 0.],slideUp
2,[ 9 30],[0.421875 1.40625 ],[0 0],[0. 0.],[4153  643],[-0.01367188  0.04492188],[0.421875 1.40625 ],[0. 0.],slideUp
3,[10 30 10],[0.46875 1.40625 0.46875],[0 0 0],[0. 0. 0.],[2954  637 2532],[ 0.234375    0.04492188 -0.02929688],[0.40625 1.40625 0.46875],[0. 0. 0.],slideUp
3,[10 30 10],[0.46875 1.40625 0.46875],[0 0 0],[0. 0. 0.],[2789  646 2414],[0.         0.04492188 0.25      ],[0.46875    1.40625    0.39648438],[0. 0. 0.],slideUp
4,[ 8 11 30 11],[0.375    0.515625 1.40625  0.515625],[0 0 0 0],[0. 0. 0. 0.],[3046 2717  649 2597],[-0.046875   -0.2734375   0.04492188  0.2734375 ],[0.37304688 0.4375     1.40625    0.4375    ],[0. 0. 0. 0.],slideUp
3,[10 30 10],[0.46875 1.40625 0.46875],[0 0 0],[0. 0. 0.],[3031  645 2971],[-0.234375    0.04492188  0.015625  ],[0.40625 1.40625 0.46875],[0. 0. 0.],slideUp
3,[10 30 10],[0.46875 1.40625 0.46875],[0 0 0],[0. 0. 0.],[3600  634 2659],[-0.234375    0.04492188  0.02929688],[0.40625 1.40625 0.46875],[0. 0. 0.],slideUp
2,[10 30],[0.46875 1.40625],[0 0],[0. 0.],[3836  634],[-0.22070312  0.04492188],[0.4140625 1.40625  ],[0. 0.],slideUp
5,[ 9 11 30  9 11],[0.421875 0.515625 1.40625  0.421875 0.515625],[0 0 0 0 0],[0. 0. 0. 0. 0.],[3830 4057  628 3098 2941],[ 0.         -0.2578125   0.04492188 -0.171875    0.30664062],[0.421875   0.44726562 1.40625    0.38476562 0.4140625 ],[0. 0. 0. 0. 0.],slideUp
5,[ 9 11 30  9 11],[0.421875 0.515625 1.40625  0.421875 0.515625],[0 0 0 0 0],[0. 0. 0. 0. 0.],[4298 3844  620 3219 3037],[-0.01367188 -0.2578125   0.04492188 -0.171875    0.30664062],[0.421875   0.44726562 1.40625    0.38476562 0.4140625 ],[0. 0. 0. 0. 0.],slideUp
2,[ 9 30],[0.421875 1.40625 ],[0 0],[0. 0.],[5194  618],[0.         0.04492188],[0.421875 1.40625 ],[0. 0.],slideUp
2,[ 8 30],[0.375   1.40625],[0 0],[0. 0.],[4717  627],[0.01171875 0.04492188],[0.375   1.40625],[0. 0.],slideUp
2,[ 9 30],[0.421875 1.40625 ],[0 0],[0. 0.],[6385  636],[-0.01367188  0.04492188],[0.421875 1.40625 ],[0. 0.],slideUp
2,[ 9 30],[0.421875 1.40625 ],[0 0],[0. 0.],[6722  637],[-0.01367188  0.04492188],[0.421875 1.40625 ],[0. 0.],slideUp
2,[ 9 30],[0.421875 1.40625 ],[0 0],[0. 0.],[6798  637],[-0.01367188  0.04492188],[0.421875 1.40625 ],[0. 0.],slideUp
2,[ 9 30],[0.421875 1.40625 ],[0 0],[0. 0.],[6847  653],[-0.01367188  0.04492188],[0.421875 1.40625 ],[0. 0.],slideUp
2,[ 9 30],[0.421875 1.40625 ],[0 0],[0. 0.],[6566  654],[-0.01367188  0.04492188],[0.421875 1.40625 ],[0. 0.],slideUp
2,[ 9 30],[0.421875 1.40625 ],[0 0],[0. 0.],[6514  652],[-0.01367188  0.04492188],[0.421875 1.40625 ],[0. 0.],slideUp
2,[ 9 30],[0.421875 1.40625 ],[0 0],[0. 0.],[6289  633],[-0.01367188  0.04492188],[0.421875 1.40625 ],[0. 0.],slideUp
2,[ 9 30],[0.421875 1.40625 ],[0 0],[0. 0.],[6100  631],[-0.01367188  0.04492188],[0.421875 1.40625 ],[0. 0.],slideUp
2,[ 9 30],[0.421875 1.40625 ],[0 0],[0. 0.],[5991  638],[-0.01367188  0.04492188],[0.421875 1.40625 ],[0. 0.],slideUp
2,[ 9 30],[0.421875 1.40625 ],[0 0],[0. 0.],[5859  637],[-0.01367188  0.04492188],[0.421875 1.40625 ],[0. 0.],slideUp
3,[ 9 30  9],[0.421875 1.40625  0.421875],[0 0 0],[0. 0. 0.],[5481  634 4127],[ 0.          0.04492188 -0.18554688],[0.421875   1.40625    0.37890625],[0. 0. 0.],slideUp
5,[ 9 11 30  9 11],[0.421875 0.515625 1.40625  0.421875 0.515625],[0 0 0 0 0],[0. 0. 0. 0. 0.],[5153 3435  627 4026 3395],[ 0.          0.30664062  0.04492188 -0.18554688 -0.2734375 ],[0.421875   0.4140625  1.40625    0.37890625 0.4375    ],[0. 0. 0. 0. 0.],slideUp
5,[ 9 11 30  9 11],[0.421875 0.515625 1.40625  0.421875 0.515625],[0 0 0 0 0],[0. 0. 0. 0. 0.],[4646 3557  626 4082 3412],[ 0.         -0.2734375   0.04492188 -0.18554688  0.29101562],[0.421875   0.4375     1.40625    0.37890625 0.42578125],[0. 0. 0. 0. 0.],slideUp
5,[ 9 11 30  9 11],[0.421875 0.515625 1.40625  0.421875 0.515625],[0 0 0 0 0],[0. 0. 0. 0. 0.],[4340 3785  625 4201 3176],[ 0.01367188 -0.2734375   0.04492188 -0.18554688  0.29101562],[0.421875   0.4375     1.40625    0.37890625 0.42578125],[0. 0. 0. 0. 0.],slideUp
5,[ 8 11 30  8 11],[0.375    0.515625 1.40625  0.375    0.515625],[0 0 0 0 0],[0. 0. 0. 0. 0.],[3663 3680  615 2673 3133],[ 0.         -0.2734375   0.04492188 -0.15234375  0.29101562],[0.375      0.4375     1.40625    0.34179688 0.42578125],[0. 0. 0. 0. 0.],slideUp
2,[10 30],[0.46875 1.40625],[0 0],[0. 0.],[4583  618],[-0.22070312  0.04492188],[0.4140625 1.40625  ],[0. 0.],slideUp
3,[ 9 30  9],[0.421875 1.40625  0.421875],[0 0 0],[0. 0. 0.],[4719  610 3664],[ 0.01367188  0.04492188 -0.171875  ],[0.421875   1.40625    0.38476562],[0. 0. 0.],slideUp
3,[10 30 10],[0.46875 1.40625 0.46875],[0 0 0],[0. 0. 0.],[3284  595 2881],[ 0.25        0.04492188 -0.17578125],[0.39648438 1.40625    0.43554688],[0. 0. 0.],slideUp
5,[ 8 11 30  8 11],[0.375    0.515625 1.40625  0.375    0.515625],[0 0 0 0 0],[0. 0. 0. 0. 0.],[4072 3719  630 2977 2893],[ 0.01171875  0.29101562  0.04492188 -0.140625   -0.41992188],[0.375      0.42578125 1.40625    0.34765625 0.30078125],[0. 0. 0. 0. 0.],slideUp
5,[ 9 11 30  9 11],[0.421875 0.515625 1.40625  0.421875 0.515625],[0 0 0 0 0],[0. 0. 0. 0. 0.],[4684 5284  685 4593 4327],[ 0.         -0.2265625   0.04492188 -0.171875   -0.41992188],[0.421875   0.46289062 1.40625    0.38476562 0.30078125],[0. 0. 0. 0. 0.],slideUp
4,[ 9 11 30 11],[0.421875 0.515625 1.40625  0.515625],[0 0 0 0],[0. 0. 0. 0.],[4762 2455  706 2343],[ 0.          0.2734375   0.04492188 -0.2421875 ],[0.421875   0.4375     1.40625    0.45507812],[0. 0. 0. 0.],slideUp
3,[10 30 10],[0.46875 1.40625 0.46875],[0 0 0],[0. 0. 0.],[3872  674 3153],[-0.26367188  0.04492188  0.25      ],[0.38671875 1.40625    0.39648438],[0. 0. 0.],slideUp
2,[ 9 29],[0.421875 1.359375],[0 0],[0. 0.],[4396  594],[0.01367188 0.04296875],[0.421875 1.359375],[0. 0.],slideUp
2,[ 9 30],[0.421875 1.40625 ],[0 0],[0. 0.],[5233  583],[0.         0.04492188],[0.421875 1.40625 ],[0. 0.],slideUp
3,[10 30 10],[0.46875 1.40625 0.46875],[0 0 0],[0. 0. 0.],[5990  611 4250],[-0.234375    0.04492188  0.25      ],[0.40625    1.40625    0.39648438],[0. 0. 0.],slideUp
2,[10 30],[0.46875 1.40625],[0 0],[0. 0.],[6767  674],[-0.25        0.04492188],[0.39648438 1.40625   ],[0. 0.],slideUp
2,[ 9 30],[0.421875 1.40625 ],[0 0],[0. 0.],[6493  609],[0. 0.],[0.421875 1.40625 ],[0. 0.],slideUp
2,[ 9 30],[0.421875 1.40625 ],[0 0],[0. 0.],[7150  536],[0. 0.],[0.421875 1.40625 ],[0. 0.],slideUp
2,[ 9 30],[0.421875 1.40625 ],[0 0],[0. 0.],[7351  547],[0.01367188 0.        ],[0.421875 1.40625 ],[0. 0.],slideUp
2,[ 9 29],[0.421875 1.359375],[0 0],[0. 0.],[8179  568],[0.01367188 0.04296875],[0.421875 1.359375],[0. 0.],slideUp
2,[ 9 29],[0.421875 1.359375],[0 0],[0. 0.],[8202  654],[0.01367188 0.0859375 ],[0.421875   1.35742188],[0. 0.],slideUp
2,[10 30],[0.46875 1.40625],[0 0],[0. 0.],[4220  767],[-0.27929688  0.08789062],[0.37695312 1.40429688],[0. 0.],slideUp
5,[ 9 30 11  9 11],[0.421875 1.40625  0.515625 0.421875 0.515625],[0 0 1 0 1],[0.         0.         0.11707043 0.         0.11707043],[4571  678 2780 3607 2772],[-0.02734375  0.04492188  0.2734375  -0.18554688 -0.40234375],[0.421875   1.40625    0.4375     0.37890625 0.32226562],[0. 0. 0. 0. 0.],slideUp
3,[31 10 31],[1.453125 0.46875  1.453125],[0 1 0],[0.         0.11707043 0.        ],[ 309 5027  261],[ 0.2265625  -0.27929688 -0.31835938],[1.43554688 0.37695312 1.41796875],[0. 0. 0.],slideUp
4,[ 9 30 11 30],[0.421875 1.40625  0.515625 1.40625 ],[0 0 1 0],[0.         0.         0.11707043 0.        ],[4792  574 3607  555],[ 0.01367188  0.17578125 -0.33789062 -0.3515625 ],[0.421875   1.39453125 0.38867188 1.36132812],[0. 0. 0. 0.],slideUp
4,[ 9 30 12 30],[0.421875 1.40625  0.5625   1.40625 ],[0 0 1 0],[0.         0.         0.11707043 0.        ],[5579  917 2262  787],[-0.05273438  0.17578125 -0.43945312 -0.3515625 ],[0.41796875 1.39453125 0.3515625  1.36132812],[0. 0. 0. 0.],slideUp
7,[ 9 30 12 11  9 30 11],[0.421875 1.40625  0.5625   0.515625 0.421875 1.40625  0.515625],[ 0  0  1 -3  0  0 -3],"[ 0.          0.          0.11707043 -0.35121129  0.          0.
 -0.35121129]",[2656  848 1591  244 2088  627  223],"[ 0.18554688  0.1328125  -0.43945312  0.37109375  0.05273438 -0.39648438
  0.17773438]","[0.37890625 1.40039062 0.3515625  0.359375   0.41796875 1.34960938
 0.484375  ]",[0. 0. 0. 0. 0. 0. 0.],slideUp
4,[ 9 30  7  7],[0.421875 1.40625  0.328125 0.328125],[ 0  0 -3 -3],[ 0.          0.         -0.35121129 -0.35121129],[4236 1559 1383 1040],[-0.05273438  0.1328125  -0.23632812  0.28710938],[0.41796875 1.40039062 0.22851562 0.15820312],[0. 0. 0. 0.],slideUp
5,[ 9 30  6  6  9],[0.421875 1.40625  0.28125  0.28125  0.421875],[ 0  0 -3 -1  0],[ 0.          0.         -0.35121129 -0.11707043  0.        ],[3153 2135 1949 1672 3042],[-0.18554688  0.1328125  -0.18554688 -0.0703125  -0.02734375],[0.37890625 1.40039062 0.21289062 0.27148438 0.421875  ],[0. 0. 0. 0. 0.],slideUp
3,[30  5  5],[1.40625  0.234375 0.234375],[ 0 -2 -2],[ 0.         -0.23414086 -0.23414086],[1532 6260 4539],[ 0.08789062 -0.06640625 -0.15429688],[1.40429688 0.22460938 0.17773438],[0. 0. 0.],slideUp
6,[30 56  5 30 56  5],[1.40625  2.625    0.234375 1.40625  2.625    0.234375],[ 0  0 -2  0  0 -2],[ 0.          0.         -0.23414086  0.          0.         -0.23414086],[1428  419 9553 1098  416 8964],[ 0.08789062 -1.96875    -0.06640625 -0.43945312  2.21484375 -0.14648438],[1.40429688 1.73632812 0.22460938 1.3359375  1.40820312 0.18359375],[0. 0. 0. 0. 0. 0.],slideUp
7,[ 5 30 56  5  5 56  5],[0.234375 1.40625  2.625    0.234375 0.234375 2.625    0.234375],[ 0  0  0 -1  0  0 -1],"[ 0.          0.          0.         -0.11707043  0.          0.
 -0.11707043]",[11173   835   505 17195  9294   456 13193],"[-0.05078125  0.1328125  -2.1328125  -0.05078125 -0.1328125   2.1328125
 -0.13867188]","[0.22851562 1.40039062 1.53125    0.22851562 0.19335938 1.53125
 0.18945312]",[0. 0. 0. 0. 0. 0. 0.],slideUp
4,[ 5 30  5 30],[0.234375 1.40625  0.234375 1.40625 ],[0 0 0 0],[0. 0. 0. 0.],[9733  973 7968  798],[ 0.          0.30859375 -0.09570312 -0.22070312],[0.234375   1.37304688 0.21484375 1.38867188],[0. 0. 0. 0.],slideUp
4,[10 38  5  5],[0.46875  1.78125  0.234375 0.234375],[0 0 1 1],[0.         0.         0.11707043 0.11707043],[1257  400 6963 5527],[-0.16210938 -1.05859375  0.0078125  -0.09570312],[0.43945312 1.43359375 0.234375   0.21484375],[0. 0. 0. 0.],slideUp
9,[35 38 56  5 10 51 18 56 51],"[1.640625 1.78125  2.625    0.234375 0.46875  2.390625 0.84375  2.625
 2.390625]",[0 0 0 1 1 2 3 0 2],"[0.         0.         0.         0.11707043 0.11707043 0.23414086
 0.35121129 0.         0.23414086]",[ 297  410  603 9973 2265  168  263  480  131],"[-0.71875    -1.00195312 -2.05078125  0.0078125  -0.16210938 -0.44921875
  0.02734375  2.1328125  -1.41992188]","[1.47460938 1.47265625 1.63867188 0.234375   0.43945312 2.34765625
 0.84375    1.53125    1.92382812]",[0. 0. 0. 0. 0. 0. 0. 0. 0.],slideUp
13,[ 1  3 35 38 56  6 11 52 12 56 11 52 12],"[0.046875 0.140625 1.640625 1.78125  2.625    0.28125  0.515625 2.4375
 0.5625   2.625    0.515625 2.4375   0.5625  ]",[0 0 0 0 0 1 1 2 4 0 1 2 4],"[0.         0.         0.         0.         0.         0.11707043
 0.11707043 0.23414086 0.46828172 0.         0.11707043 0.23414086
 0.46828172]",[1683 1740  393  369  463 4265  610  275  213  328  556  220  198],"[-0.04492188  0.0390625  -0.76953125 -1.05859375  2.21484375  0.02734375
  0.35546875 -0.609375   -0.17578125 -1.8046875   0.17773438  0.22851562
  0.01757812]","[0.01171875 0.13476562 1.44921875 1.43359375 1.40820312 0.27929688
 0.375      2.36132812 0.53515625 1.90625    0.484375   2.42773438
 0.5625    ]",[0. 0. 0. 0. 0. 0. 0. 0. 0. 0. 0. 0. 0.],slideUp
8,[ 1  3 35 38  6 10 52  6],[0.046875 0.140625 1.640625 1.78125  0.28125  0.46875  2.4375   0.28125 ],[0 0 0 0 2 2 3 2],"[0.         0.         0.         0.         0.23414086 0.23414086
 0.35121129 0.23414086]",[1685 1731  344  353 1831 1213  219 1527],"[-0.04492188  0.0390625  -0.76953125 -1.05859375  0.03515625 -0.14648438
 -0.9140625  -0.0625    ]","[0.01171875 0.13476562 1.44921875 1.43359375 0.27929688 0.4453125
 2.25976562 0.27539062]",[0. 0. 0. 0. 0. 0. 0. 0.],slideUp
8,[ 1  3 35  6 10 53 39 14],[0.046875 0.140625 1.640625 0.28125  0.46875  2.484375 1.828125 0.65625 ],[0 0 0 2 2 3 4 6],"[0.         0.         0.         0.23414086 0.23414086 0.35121129
 0.46828172 0.70242258]",[1684 1735  295 1872 1434  110  130  192],"[-0.04492188  0.0390625  -0.76953125  0.04492188 -0.14648438 -1.1640625
 -0.51367188  0.0625    ]","[0.01171875 0.13476562 1.44921875 0.27734375 0.4453125  2.1953125
 1.75390625 0.65429688]",[0. 0. 0. 0. 0. 0. 0. 0.],slideUp
14,[ 1  3 31 56 14 11  7 55 58 41 14 56 14 11],"[0.046875 0.140625 1.453125 2.625    0.65625  0.515625 0.328125 2.578125
 2.71875  1.921875 0.65625  2.625    0.65625  0.515625]",[0 0 0 0 2 3 4 5 5 6 7 0 2 3],"[0.         0.         0.         0.         0.23414086 0.35121129
 0.46828172 0.58535215 0.58535215 0.70242258 0.81949301 0.
 0.23414086 0.35121129]",[1688 1738  460  427  293  550 1205   56   92   42  181  395  246  514],"[-0.04492188  0.0390625  -0.40820312 -2.05078125  0.51367188 -0.16210938
 -0.00976562 -0.08007812  0.          0.06054688  0.08203125  2.21484375
  0.28710938 -0.35546875]","[0.01171875 0.13476562 1.39453125 1.63867188 0.41015625 0.49023438
 0.328125   2.578125   2.71875    1.921875   0.65039062 1.40820312
 0.58984375 0.375     ]",[0. 0. 0. 0. 0. 0. 0. 0. 0. 0. 0. 0. 0. 0.],slideUp
16,[ 1  3 31 15 10 54  7 10 40 42 15 54  7 10 40 42],"[0.046875 0.140625 1.453125 0.703125 0.46875  2.53125  0.328125 0.46875
 1.875    1.96875  0.703125 2.53125  0.328125 0.46875  1.875    1.96875 ]",[0 0 0 1 2 3 4 5 6 6 1 3 4 5 6 6],"[0.         0.         0.         0.11707043 0.23414086 0.35121129
 0.46828172 0.58535215 0.70242258 0.70242258 0.11707043 0.35121129
 0.46828172 0.58535215 0.70242258 0.70242258]","[1685 1737 1280  373  522   61  411  632   25   27  363   48  362  545
   19   23]","[-0.04492188  0.0390625  -0.40820312  0.57226562 -0.05859375  0.23828125
 -0.11328125  0.08789062  0.05859375 -0.61523438  0.30859375  1.02929688
  0.02148438 -0.08789062 -0.64453125  0.12304688]","[0.01171875 0.13476562 1.39453125 0.41015625 0.46484375 2.51953125
 0.30859375 0.4609375  1.875      1.87109375 0.6328125  2.3125
 0.328125   0.4609375  1.76171875 1.96484375]",[0. 0. 0. 0. 0. 0. 0. 0. 0. 0. 0. 0. 0. 0. 0. 0.],slideUp
9,[ 1  3 30 34 10 41 58 44 30],"[0.046875 0.140625 1.40625  1.59375  0.46875  1.921875 2.71875  2.0625
 1.40625 ]",[0 0 0 0 4 6 6 7 0],"[0.         0.         0.         0.         0.46828172 0.70242258
 0.70242258 0.81949301 0.        ]",[1684 1737 1176  831 1439   58   27   31 1176],"[-0.04492188  0.0390625  -0.39648438 -0.69726562 -0.02929688  0.24023438
 -0.33984375  0.06445312  0.08789062]","[0.01171875 0.13476562 1.34960938 1.43359375 0.46875    1.90625
 2.69726562 2.0625     1.40429688]",[0. 0. 0. 0. 0. 0. 0. 0. 0.],slideUp
7,[ 1  3 30 34 15 11 30],[0.046875 0.140625 1.40625  1.59375  0.703125 0.515625 1.40625 ],[0 0 0 0 2 4 0],"[0.         0.         0.         0.         0.23414086 0.46828172
 0.        ]",[1684 1737 1786  879  304 1926 1566],"[-0.04492188  0.0390625   0.1328125  -0.69726562  0.54882812 -0.015625
 -0.39648438]","[0.01171875 0.13476562 1.40039062 1.43359375 0.43945312 0.515625
 1.34960938]",[0. 0. 0. 0. 0. 0. 0.],slideUp
8,[ 1  3 31 34 11 28 11 28],[0.046875 0.140625 1.453125 1.59375  0.515625 1.3125   0.515625 1.3125  ],[0 0 0 0 3 5 3 5],"[0.         0.         0.         0.         0.35121129 0.58535215
 0.35121129 0.58535215]",[1683 1737 1620  922 2611   24 2177   19],"[-0.04492188  0.0390625  -0.40820312 -0.69726562 -0.015625   -0.08203125
 -0.20898438 -0.57421875]","[0.01171875 0.13476562 1.39453125 1.43359375 0.515625   1.31054688
 0.47070312 1.1796875 ]",[0. 0. 0. 0. 0. 0. 0. 0.],slideUp
8,[ 1  3 29 31 34 12 29 12],[0.046875 0.140625 1.359375 1.453125 1.59375  0.5625   1.359375 0.5625  ],[0 0 0 0 0 2 0 2],"[0.         0.         0.         0.         0.         0.23414086
 0.         0.23414086]",[1680 1735 1082 1675 1021 1582  818 1508],"[-0.04492188  0.0390625   0.0859375  -0.36328125 -0.69726562 -0.01757812
 -0.42578125 -0.2109375 ]","[0.01171875 0.13476562 1.35742188 1.40625    1.43359375 0.5625
 1.29101562 0.52148438]",[0. 0. 0. 0. 0. 0. 0. 0.],slideUp
7,[ 1  3 29 31 12 29 12],[0.046875 0.140625 1.359375 1.453125 0.5625   1.359375 0.5625  ],[0 0 0 0 2 0 2],"[0.         0.         0.         0.         0.23414086 0.
 0.23414086]",[1686 1736 1167 1700 1848  844 1618],"[-0.04492188  0.0390625   0.04296875 -0.36328125  0.         -0.46679688
 -0.2109375 ]","[0.01171875 0.13476562 1.359375   1.40625    0.5625     1.27734375
 0.52148438]",[0. 0. 0. 0. 0. 0. 0.],slideUp
6,[ 1  3 29 31 12 12],[0.046875 0.140625 1.359375 1.453125 0.5625   0.5625  ],[0 0 0 0 1 1],[0.         0.         0.         0.         0.11707043 0.11707043],[1685 1737 1515 1680  982  874],[-0.04492188  0.0390625   0.         -0.36328125 -0.2109375  -0.01757812],[0.01171875 0.13476562 1.359375   1.40625    0.52148438 0.5625    ],[0. 0. 0. 0. 0. 0.],slideUp
5,[ 1  3 30 34 12],[0.046875 0.140625 1.40625  1.59375  0.5625  ],[0 0 0 0 1],[0.         0.         0.         0.         0.11707043],[1688 1734 2270  899 2833],[-0.04492188  0.0390625   0.         -0.69726562 -0.01757812],[0.01171875 0.13476562 1.40625    1.43359375 0.5625    ],[0. 0. 0. 0. 0.],slideUp
6,[ 1  3 16 30 34 13],[0.046875 0.140625 0.75     1.40625  1.59375  0.609375],[0 0 0 0 0 1],[0.         0.         0.         0.         0.         0.11707043],[1686 1735  527 3230  943 2279],[-0.04492188  0.0390625   0.515625    0.04492188 -0.6484375   0.01953125],[0.01171875 0.13476562 0.54492188 1.40625    1.45703125 0.609375  ],[0. 0. 0. 0. 0. 0.],slideUp
8,[ 1  3 30 34 56 13 56 13],[0.046875 0.140625 1.40625  1.59375  2.625    0.609375 2.625    0.609375],[0 0 0 0 0 1 0 1],"[0.         0.         0.         0.         0.         0.11707043
 0.         0.11707043]",[1685 1735 3831  907  470 1160  396  850],"[-0.04492188  0.0390625   0.04492188 -0.69726562 -2.05078125 -0.05664062
  2.21484375 -0.26757812]","[0.01171875 0.13476562 1.40625    1.43359375 1.63867188 0.60742188
 1.40820312 0.54882812]",[0. 0. 0. 0. 0. 0. 0. 0.],slideUp
4,[13 30 34 16],[0.609375 1.40625  1.59375  0.75    ],[ 0  0  0 -1],[ 0.          0.          0.         -0.11707043],[3861 4082  914  299],[-0.01953125  0.04492188 -0.6484375   0.5625    ],[0.609375   1.40625    1.45703125 0.49609375],[0. 0. 0. 0.],slideUp
4,[13 30 34 16],[0.609375 1.40625  1.59375  0.75    ],[ 0  0  0 -1],[ 0.          0.          0.         -0.11707043],[1654 3530  944  472],[-0.11523438  0.04492188 -0.6484375   0.5859375 ],[0.59960938 1.40625    1.45703125 0.46875   ],[0. 0. 0. 0.],slideUp
8,[ 1  3 29 34  9 13 29 13],[0.046875 0.140625 1.359375 1.59375  0.421875 0.609375 1.359375 0.609375],[ 0  0  0  0  3 -1  0 -1],"[ 0.          0.          0.          0.          0.35121129 -0.11707043
  0.         -0.11707043]",[1682 1735 2642  917   44 1495 1873 1473],"[-0.04492188  0.0390625   0.04296875 -0.69726562  0.06640625  0.05664062
 -0.46679688 -0.3046875 ]","[0.01171875 0.13476562 1.359375   1.43359375 0.41601562 0.60742188
 1.27734375 0.52734375]",[0. 0. 0. 0. 0. 0. 0. 0.],slideUp
7,[ 1  3 29 31 10 12 29],[0.046875 0.140625 1.359375 1.453125 0.46875  0.5625   1.359375],[ 0  0  0  0  3 -2  0],"[ 0.          0.          0.          0.          0.35121129 -0.23414086
  0.        ]",[1683 1733 1270 1693   55 4308  910],"[-0.04492188  0.0390625   0.         -0.36328125  0.02929688 -0.01757812
 -0.50976562]","[0.01171875 0.13476562 1.359375   1.40625    0.46875    0.5625
 1.25976562]",[0. 0. 0. 0. 0. 0. 0.],slideUp
6,[ 1  3 31 34 29 12],[0.046875 0.140625 1.453125 1.59375  1.359375 0.5625  ],[ 0  0  0  0 -5 -3],[ 0.          0.          0.          0.         -0.58535215 -0.35121129],[1682 1732 1914 1003   55 2702],[-0.04492188  0.0390625  -0.40820312 -0.69726562 -0.04296875 -0.01757812],[0.01171875 0.13476562 1.39453125 1.43359375 1.359375   0.5625    ],[0. 0. 0. 0. 0. 0.],slideUp
9,[ 1  3 30 34 27 44 12 30 27],"[0.046875 0.140625 1.40625  1.59375  1.265625 2.0625   0.5625   1.40625
 1.265625]",[ 0  0  0  0 -6 -6 -3  0 -6],"[ 0.          0.          0.          0.         -0.70242258 -0.70242258
 -0.35121129  0.         -0.70242258]",[1679 1735 1177  990   31   42 2180  999   29],"[-0.04492188  0.0390625   0.17578125 -0.6484375  -0.59375     0.2578125
 -0.05273438 -0.39648438 -0.11914062]","[0.01171875 0.13476562 1.39453125 1.45703125 1.1171875  2.046875
 0.56054688 1.34960938 1.25976562]",[0. 0. 0. 0. 0. 0. 0. 0. 0.],slideUp
8,[ 1  3 30 34 58 11 30 11],[0.046875 0.140625 1.40625  1.59375  2.71875  0.515625 1.40625  0.515625],[ 0  0  0  0 -5 -4  0 -4],"[ 0.          0.          0.          0.         -0.58535215 -0.46828172
  0.         -0.46828172]",[1678 1734 1112  849   59 2380 1079 2117],"[-0.04492188  0.0390625   0.08789062 -0.69726562  0.         -0.04882812
 -0.43945312 -0.2421875 ]","[0.01171875 0.13476562 1.40429688 1.43359375 2.71875    0.51367188
 1.3359375  0.45507812]",[0. 0. 0. 0. 0. 0. 0. 0.],slideUp
8,[ 1  3 31 34  8 11 12 12],[0.046875 0.140625 1.453125 1.59375  0.375    0.515625 0.5625   0.5625  ],[ 0  0  0  0 -4 -4 -2 -2],"[ 0.          0.          0.          0.         -0.46828172 -0.46828172
 -0.23414086 -0.23414086]",[1680 1729 1435  814  650 1050  601  563],"[-0.04492188  0.0390625  -0.40820312 -0.69726562 -0.0234375  -0.06445312
  0.40429688 -0.36914062]","[0.01171875 0.13476562 1.39453125 1.43359375 0.375      0.51171875
 0.390625   0.42382812]",[0. 0. 0. 0. 0. 0. 0. 0.],slideUp
9,[ 1  3 31 34 56 16 10 54 14],"[0.046875 0.140625 1.453125 1.59375  2.625    0.75     0.46875  2.53125
 0.65625 ]",[ 0  0  0  0  0 -8 -4 -4 -2],"[ 0.          0.          0.          0.          0.         -0.93656344
 -0.46828172 -0.46828172 -0.23414086]",[1680 1727  770  808  500   50 2089   74  318],"[-0.04492188  0.0390625  -0.36328125 -0.6484375  -2.1328125   0.046875
 -0.07421875 -0.87109375  0.41015625]","[0.01171875 0.13476562 1.40625    1.45703125 1.53125    0.74804688
 0.46289062 2.37695312 0.51171875]",[0. 0. 0. 0. 0. 0. 0. 0. 0.],slideUp
11,[ 1  3 34 16 53  7  9 14 34 53  7],"[0.046875 0.140625 1.59375  0.75     2.484375 0.328125 0.421875 0.65625
 1.59375  2.484375 0.328125]",[ 0  0  0 -6 -4 -3 -3 -2  0 -4 -3],"[ 0.          0.          0.         -0.70242258 -0.46828172 -0.35121129
 -0.35121129 -0.23414086  0.         -0.46828172 -0.35121129]",[1682 1727  453  283  107  956 1729  476  336  102  940],"[-0.04492188  0.0390625  -0.6484375   0.0234375  -1.2421875   0.11328125
 -0.08007812  0.47265625 -1.24609375 -0.31054688 -0.12304688]","[0.01171875 0.13476562 1.45703125 0.75       2.15234375 0.30859375
 0.4140625  0.45703125 0.99414062 2.46484375 0.3046875 ]",[0. 0. 0. 0. 0. 0. 0. 0. 0. 0. 0.],slideUp
14,[ 1  3 56 11 16 39  7 53 11 14 56 53 11 14],"[0.046875 0.140625 2.625    0.515625 0.75     1.828125 0.328125 2.484375
 0.515625 0.65625  2.625    2.484375 0.515625 0.65625 ]",[ 0  0  0  2 -5 -4 -3 -3 -2 -2  0 -3 -2 -2],"[ 0.          0.          0.          0.23414086 -0.58535215 -0.46828172
 -0.35121129 -0.35121129 -0.23414086 -0.23414086  0.         -0.35121129
 -0.23414086 -0.23414086]",[1683 1727  448   44  234   51 1028  189 1007  574  425  159  781  410],"[-0.04492188  0.0390625   2.1328125   0.11328125  0.046875   -0.40039062
  0.03125    -0.46679688 -0.16210938  0.53320312 -2.1328125  -1.47460938
 -0.33789062  0.30859375]","[0.01171875 0.13476562 1.53125    0.50390625 0.74804688 1.78320312
 0.32617188 2.44140625 0.49023438 0.3828125  1.53125    2.
 0.38867188 0.58007812]",[0. 0. 0. 0. 0. 0. 0. 0. 0. 0. 0. 0. 0. 0.],slideUp
8,[ 1  3 35 13  6 11 52 52],[0.046875 0.140625 1.640625 0.609375 0.28125  0.515625 2.4375   2.4375  ],[ 0  0  0 -5 -2 -2 -2 -2],"[ 0.          0.          0.         -0.58535215 -0.23414086 -0.23414086
 -0.23414086 -0.23414086]",[1683 1727  298  172 2485  757  391  388],"[-0.04492188  0.0390625  -0.76953125 -0.01953125  0.02734375 -0.19335938
 -0.45703125 -1.29492188]","[0.01171875 0.13476562 1.44921875 0.609375   0.27929688 0.47851562
 2.39453125 2.06445312]",[0. 0. 0. 0. 0. 0. 0. 0.],slideUp
6,[ 1  3 35 10  6 52],[0.046875 0.140625 1.640625 0.46875  0.28125  2.4375  ],[ 0  0  0 -2 -1 -1],[ 0.          0.          0.         -0.23414086 -0.11707043 -0.11707043],[1682 1728  327 1489 5194  370],[-0.04492188  0.0390625  -0.71875    -0.14648438  0.         -0.76171875],[0.01171875 0.13476562 1.47460938 0.4453125  0.28125    2.31640625],[0. 0. 0. 0. 0. 0.],slideUp
7,[ 3 35 56 10 13  6 13],[0.140625 1.640625 2.625    0.46875  0.609375 0.28125  0.609375],[ 0  0  0 -2 -2 -1 -2],"[ 0.          0.          0.         -0.23414086 -0.23414086 -0.11707043
 -0.23414086]",[1731  422  830 1048  653 5223  462],"[ 0.0390625  -0.76953125 -1.96875    -0.16210938  0.19140625 -0.08007812
 -0.34375   ]","[0.13476562 1.44921875 1.73632812 0.43945312 0.578125   0.26953125
 0.50390625]",[0. 0. 0. 0. 0. 0. 0.],slideUp
8,[ 3 35 38 10  6 51 10  6],[0.140625 1.640625 1.78125  0.46875  0.28125  2.390625 0.46875  0.28125 ],[ 0  0  0 -2 -1 -1 -2 -1],"[ 0.          0.          0.         -0.23414086 -0.11707043 -0.11707043
 -0.23414086 -0.11707043]",[1727  304  322 1181 6888  424  911 6754],"[ 0.0390625  -0.76953125 -1.05859375 -0.16210938 -0.08789062 -0.5234375
  0.27929688  0.01757812]","[0.13476562 1.44921875 1.43359375 0.43945312 0.26757812 2.33398438
 0.37695312 0.28125   ]",[0. 0. 0. 0. 0. 0. 0. 0.],slideUp
7,[ 3 12  6  9 12  6  9],[0.140625 0.5625   0.28125  0.421875 0.5625   0.28125  0.421875],[ 0 -2 -1 -1 -2 -1 -1],"[ 0.         -0.23414086 -0.11707043 -0.11707043 -0.23414086 -0.11707043
 -0.11707043]",[1715  929 4454  884  747 3418  710],"[ 0.0390625   0.29882812  0.01757812 -0.08007812 -0.50976562 -0.0703125
 -0.18554688]","[0.13476562 0.4765625  0.28125    0.4140625  0.23828125 0.27148438
 0.37890625]",[0. 0. 0. 0. 0. 0. 0.],slideUp
4,[ 6 12  9 12],[0.28125  0.5625   0.421875 0.5625  ],[ 0 -2 -1 -2],[ 0.         -0.23414086 -0.11707043 -0.23414086],[11281  1380  2674  1302],[ 0.02734375  0.22851562 -0.10546875  0.43945312],[0.27929688 0.51367188 0.40820312 0.3515625 ],[0. 0. 0. 0.],slideUp
4,[ 6 11  6 11],[0.28125  0.515625 0.28125  0.515625],[ 0 -2  0 -2],[ 0.         -0.23414086  0.         -0.23414086],[7579 1814 5961 1374],[ 0.02734375 -0.32226562 -0.08007812  0.2734375 ],[0.27929688 0.40234375 0.26953125 0.4375    ],[0. 0. 0. 0.],slideUp
3,[6 9 6],[0.28125  0.421875 0.28125 ],[ 0 -1  0],[ 0.         -0.11707043  0.        ],[3992 2482 3825],[ 0.08789062 -0.171875   -0.08789062],[0.26757812 0.38476562 0.26757812],[0. 0. 0.],slideUp
4,[3 6 9 6],[0.140625 0.28125  0.421875 0.28125 ],[ 0  0 -1  0],[ 0.          0.         -0.11707043  0.        ],[1709 1969 2216 1798],[ 0.0390625   0.08789062 -0.19726562 -0.08789062],[0.13476562 0.26757812 0.37304688 0.26757812],[0. 0. 0. 0.],slideUp
3,[6 8 6],[0.28125 0.375   0.28125],[ 0 -2  0],[ 0.         -0.23414086  0.        ],[4421 6320 4002],[-0.08789062 -0.046875    0.0703125 ],[0.26757812 0.37304688 0.27148438],[0. 0. 0.],slideUp
3,[6 7 7],[0.28125  0.328125 0.328125],[ 0 -2 -2],[ 0.         -0.23414086 -0.23414086],[6017 5486 4832],[ 0.0625     -0.07226562 -0.18554688],[0.27539062 0.3203125  0.27148438],[0. 0. 0.],slideUp
2,[6 8],[0.28125 0.375  ],[ 0 -1],[ 0.         -0.11707043],[4400 2630],[ 0.02734375 -0.1640625 ],[0.27929688 0.33789062],[0. 0.],slideUp
3,[5 8 8],[0.234375 0.375    0.375   ],[ 0 -1 -1],[ 0.         -0.11707043 -0.11707043],[7725 2795 2363],[0.04492188 0.12890625 0.26953125],[0.23046875 0.3515625  0.26171875],[0. 0. 0.],slideUp
2,[5 5],[0.234375 0.234375],[0 0],[0. 0.],[8868 8434],[ 0.02929688 -0.06640625],[0.23242188 0.22460938],[0. 0.],slideUp
2,[5 5],[0.234375 0.234375],[0 0],[0. 0.],[11472 11094],[-0.06640625  0.015625  ],[0.22460938 0.234375  ],[0. 0.],slideUp
2,[5 5],[0.234375 0.234375],[0 0],[0. 0.],[15736 13865],[-0.06640625  0.02148438],[0.22460938 0.23242188],[0. 0.],slideUp
2,[5 5],[0.234375 0.234375],[0 0],[0. 0.],[16452 13717],[-0.06640625  0.015625  ],[0.22460938 0.234375  ],[0. 0.],slideUp
2,[5 5],[0.234375 0.234375],[0 0],[0. 0.],[15051 11594],[-0.07421875  0.0078125 ],[0.22265625 0.234375  ],[0. 0.],slideUp
2,[5 5],[0.234375 0.234375],[0 0],[0. 0.],[10048  9780],[ 0.         -0.08007812],[0.234375   0.22070312],[0. 0.],slideUp
1,[5],[0.234375],[0],[0.],[7145],[0.06640625],[0.22460938],[0.],slideUp
1,[5],[0.234375],[0],[0.],[8217],[0.05859375],[0.2265625],[0.],slideUp
1,[5],[0.234375],[0],[0.],[11445],[0.05078125],[0.22851562],[0.],slideUp
5,[ 5  8 11  5 11],[0.234375 0.375    0.515625 0.234375 0.515625],[0 1 1 0 1],[0.         0.11707043 0.11707043 0.         0.11707043],[12576  4782  1146  9647  1089],[ 0.05078125 -0.08203125  0.19335938 -0.06640625 -0.2734375 ],[0.22851562 0.36523438 0.47851562 0.22460938 0.4375    ],[0. 0. 0. 0. 0.],slideUp
4,[5 9 5 9],[0.234375 0.421875 0.234375 0.421875],[0 1 0 1],[0.         0.11707043 0.         0.11707043],[13012  2806 12768  2363],[ 0.04492188 -0.11914062 -0.05859375 -0.26367188],[0.23046875 0.40429688 0.2265625  0.33007812],[0. 0. 0. 0.],slideUp
5,[ 5 11 37  5 37],[0.234375 0.515625 1.734375 0.234375 1.734375],[0 0 0 0 0],[0. 0. 0. 0. 0.],[13976  1323   142 13232   142],[-0.05859375  0.2421875   0.          0.03710938 -0.65039062],[0.2265625  0.45507812 1.734375   0.23242188 1.60742188],[0. 0. 0. 0. 0.],slideUp
2,[5 5],[0.234375 0.234375],[0 0],[0. 0.],[12832 10189],[-0.06640625  0.03710938],[0.22460938 0.23242188],[0. 0.],slideUp
2,[5 5],[0.234375 0.234375],[0 0],[0. 0.],[7934 6842],[-0.08007812  0.        ],[0.22070312 0.234375  ],[0. 0.],slideUp
4,[5 8 5 8],[0.234375 0.375    0.234375 0.375   ],[0 0 0 0],[0. 0. 0. 0.],[5448 3789 4287 3716],[ 0.06640625 -0.1875     -0.08007812 -0.046875  ],[0.22460938 0.32421875 0.22070312 0.37304688],[0. 0. 0. 0.],slideUp
3,[6 8 6],[0.28125 0.375   0.28125],[0 0 0],[0. 0. 0.],[4745 4066 3619],[ 0.0625     -0.0703125  -0.09765625],[0.27539062 0.36914062 0.26367188],[0. 0. 0.],slideUp
3,[ 5 10  5],[0.234375 0.46875  0.234375],[0 0 0],[0. 0. 0.],[4335 3476 3892],[-0.05859375 -0.29296875  0.05078125],[0.2265625  0.36523438 0.22851562],[0. 0. 0.],slideUp
6,[ 6 10 51  8 51  8],[0.28125  0.46875  2.390625 0.375    2.390625 0.375   ],[0 0 0 1 0 1],[0.         0.         0.         0.11707043 0.         0.11707043],[5400 3083  457 3246  344 2349],[ 0.         -0.29296875 -0.15039062 -0.0703125  -1.046875   -0.2109375 ],[0.28125    0.36523438 2.38671875 0.36914062 2.15039062 0.31054688],[0. 0. 0. 0. 0. 0.],slideUp
5,[ 6 10 51 38 51],[0.28125  0.46875  2.390625 1.78125  2.390625],[0 0 0 1 0],[0.         0.         0.         0.11707043 0.        ],[9149 4782  370  173  265],[ 0.00976562 -0.26367188 -0.22460938 -0.77929688 -1.12109375],[0.28125    0.38671875 2.38085938 1.6015625  2.11132812],[0. 0. 0. 0. 0.],slideUp
4,[ 6 10 51 51],[0.28125  0.46875  2.390625 2.390625],[0 0 0 0],[0. 0. 0. 0.],[11076  4541   446   340],[ 0.00976562 -0.27929688 -0.15039062 -1.046875  ],[0.28125    0.37695312 2.38671875 2.15039062],[0. 0. 0. 0.],slideUp
3,[ 6 10 51],[0.28125  0.46875  2.390625],[0 0 0],[0. 0. 0.],[14576  6858   353],[ 0.00976562 -0.26367188 -0.15039062],[0.28125    0.38671875 2.38671875],[0. 0. 0.],slideUp
4,[ 6  8 10 51],[0.28125  0.375    0.46875  2.390625],[0 0 0 0],[0. 0. 0. 0.],[14354  6803  6108   304],[ 0.00976562 -0.046875   -0.26367188 -0.22460938],[0.28125    0.37304688 0.38671875 2.38085938],[0. 0. 0. 0.],slideUp
7,[ 6  8 10 37 51  8 37],[0.28125  0.375    0.46875  1.734375 2.390625 0.375    1.734375],[0 0 0 0 0 0 0],[0. 0. 0. 0. 0. 0. 0.],[14495  6865  6512   199   286  6274   147],"[ 0.00976562 -0.046875   -0.26367188 -0.70507812 -0.15039062 -0.1875
  0.109375  ]","[0.28125    0.37304688 0.38671875 1.5859375  2.38671875 0.32421875
 1.73046875]",[0. 0. 0. 0. 0. 0. 0.],slideUp
3,[ 6 10 38],[0.28125 0.46875 1.78125],[0 0 0],[0. 0. 0.],[14338  9229   237],[ 0.00976562 -0.26367188 -0.72460938],[0.28125    0.38671875 1.62695312],[0. 0. 0.],slideUp
2,[ 6 10],[0.28125 0.46875],[0 0],[0. 0.],[14607  6977],[ 0.00976562 -0.26367188],[0.28125    0.38671875],[0. 0.],slideUp
4,[ 6 37  6 37],[0.28125  1.734375 0.28125  1.734375],[0 0 0 0],[0. 0. 0. 0.],[13355   204 10469   190],[ 0.         -0.0546875  -0.08789062 -0.70507812],[0.28125    1.734375   0.26757812 1.5859375 ],[0. 0. 0. 0.],slideUp
4,[ 6 37  6 37],[0.28125  1.734375 0.28125  1.734375],[0 0 0 0],[0. 0. 0. 0.],[12102   175  9981   164],[ 0.         -0.59570312 -0.08789062  0.0546875 ],[0.28125    1.62890625 0.26757812 1.734375  ],[0. 0. 0. 0.],slideUp
2,[6 6],[0.28125 0.28125],[0 0],[0. 0.],[9469 9384],[-0.08789062  0.        ],[0.26757812 0.28125   ],[0. 0.],slideUp
4,[ 5 10 51  5],[0.234375 0.46875  2.390625 0.234375],[0 0 0 0],[0. 0. 0. 0.],[11482  5388   284  9493],[-0.07421875  0.234375    0.          0.0078125 ],[0.22265625 0.40625    2.390625   0.234375  ],[0. 0. 0. 0.],slideUp
6,[ 6 10 51  6 10 51],[0.28125  0.46875  2.390625 0.28125  0.46875  2.390625],[0 0 0 0 0 0],[0. 0. 0. 0. 0. 0.],[9196 3631  388 7334 3118  297],[-0.08007812  0.22070312 -0.07421875  0.00976562 -0.27929688 -0.97070312],[0.26953125 0.4140625  2.390625   0.28125    0.37695312 2.18554688],[0. 0. 0. 0. 0. 0.],slideUp
4,[ 6 51  6 51],[0.28125  2.390625 0.28125  2.390625],[0 0 0 0],[0. 0. 0. 0.],[10539   455  8258   400],[-0.08789062 -0.15039062  0.08007812 -1.046875  ],[0.26757812 2.38671875 0.26953125 2.15039062],[0. 0. 0. 0.],slideUp
5,[ 6 10 51 10 51],[0.28125  0.46875  2.390625 0.46875  2.390625],[0 0 0 0 0],[0. 0. 0. 0. 0.],[9957 3440  461 3289  338],[-0.08007812 -0.22070312 -0.15039062  0.22070312 -1.046875  ],[0.26953125 0.4140625  2.38671875 0.4140625  2.15039062],[0. 0. 0. 0. 0.],slideUp
5,[ 5 10 51 10 51],[0.234375 0.46875  2.390625 0.46875  2.390625],[0 0 0 0 0],[0. 0. 0. 0. 0.],[9594 3422  382 2798  289],[-0.06640625 -0.20507812 -0.15039062  0.234375   -1.046875  ],[0.22460938 0.421875   2.38671875 0.40625    2.15039062],[0. 0. 0. 0. 0.],slideUp
4,[ 5 10  5 10],[0.234375 0.46875  0.234375 0.46875 ],[0 0 0 0],[0. 0. 0. 0.],[11888  3037  9115  2600],[-0.07421875  0.234375    0.015625   -0.22070312],[0.22265625 0.40625    0.234375   0.4140625 ],[0. 0. 0. 0.],slideUp
2,[5 5],[0.234375 0.234375],[0 0],[0. 0.],[12078 10501],[-0.07421875  0.0078125 ],[0.22265625 0.234375  ],[0. 0.],slideUp
4,[5 9 5 9],[0.234375 0.421875 0.234375 0.421875],[0 0 0 0],[0. 0. 0. 0.],[11822  5309 11332  4516],[-0.07421875 -0.11914062  0.0078125  -0.25      ],[0.22265625 0.40429688 0.234375   0.33984375],[0. 0. 0. 0.],slideUp
4,[5 8 5 8],[0.234375 0.375    0.234375 0.375   ],[0 0 0 0],[0. 0. 0. 0.],[11624  7095 11193  6644],[-0.06640625 -0.08203125  0.015625   -0.2109375 ],[0.22460938 0.36523438 0.234375   0.31054688],[0. 0. 0. 0.],slideUp
3,[5 9 5],[0.234375 0.421875 0.234375],[0 0 0],[0. 0. 0.],[10989  8488  8446],[-0.06640625 -0.25        0.015625  ],[0.22460938 0.33984375 0.234375  ],[0. 0. 0.],slideUp
2,[ 6 10],[0.28125 0.46875],[0 0],[0. 0.],[10489  6798],[-0.08007812 -0.27929688],[0.26953125 0.37695312],[0. 0.],slideUp
1,[5],[0.234375],[0],[0.],[11139],[-0.06640625],[0.22460938],[0.],slideUp
2,[5 9],[0.234375 0.421875],[0 0],[0. 0.],[9659 6580],[-0.06640625 -0.23828125],[0.22460938 0.34960938],[0. 0.],slideUp
4,[ 5 51  5 51],[0.234375 2.390625 0.234375 2.390625],[0 0 0 0],[0. 0. 0. 0.],[7954  383 5862  318],[-0.06640625 -0.07421875  0.125      -0.97070312],[0.22460938 2.390625   0.19921875 2.18554688],[0. 0. 0. 0.],slideUp
4,[ 5 51  5 51],[0.234375 2.390625 0.234375 2.390625],[0 0 0 0],[0. 0. 0. 0.],[7606  374 5935  275],[-0.06640625 -0.07421875  0.125      -0.97070312],[0.22460938 2.390625   0.19921875 2.18554688],[0. 0. 0. 0.],slideUp
6,[ 5  9 51  5  9 51],[0.234375 0.421875 2.390625 0.234375 0.421875 2.390625],[0 0 0 0 0 0],[0. 0. 0. 0. 0. 0.],[6764 5099  328 6010 3790  252],[-0.06640625 -0.23828125 -0.07421875  0.04492188 -0.40820312 -0.97070312],[0.22460938 0.34960938 2.390625   0.23046875 0.10546875 2.18554688],[0. 0. 0. 0. 0. 0.],slideUp
4,[5 9 5 9],[0.234375 0.421875 0.234375 0.421875],[0 0 0 0],[0. 0. 0. 0.],[6235 5490 5882 4379],[ 0.03710938 -0.23828125 -0.05859375 -0.40820312],[0.23242188 0.34960938 0.2265625  0.10546875],[0. 0. 0. 0.],slideUp
6,[ 5  9 52  5  9 52],[0.234375 0.421875 2.4375   0.234375 0.421875 2.4375  ],[0 0 0 0 0 0],[0. 0. 0. 0. 0. 0.],[6243 5725  274 5300 4609  241],[ 0.03710938 -0.23828125 -0.07617188  0.125      -0.39648438 -0.99023438],[0.23242188 0.34960938 2.4375     0.19921875 0.14648438 2.22851562],[0. 0. 0. 0. 0. 0.],slideUp
4,[ 5 10  5 10],[0.234375 0.46875  0.234375 0.46875 ],[0 0 0 0],[0. 0. 0. 0.],[7055 4175 5361 3148],[ 0.03710938  0.25        0.1328125  -0.25      ],[0.23242188 0.39648438 0.19335938 0.39648438],[0. 0. 0. 0.],slideUp
3,[5 9 5],[0.234375 0.421875 0.234375],[0 0 0],[0. 0. 0.],[7214 6295 5304],[ 0.03710938 -0.23828125  0.1328125 ],[0.23242188 0.34960938 0.19335938],[0. 0. 0.],slideUp
4,[5 9 5 9],[0.234375 0.421875 0.234375 0.421875],[0 0 0 0],[0. 0. 0. 0.],[6797 5705 4930 4256],[ 0.03710938 -0.25        0.125      -0.421875  ],[0.23242188 0.33984375 0.19921875 0.        ],[0. 0. 0. 0.],slideUp
2,[5 9],[0.234375 0.421875],[0 0],[0. 0.],[7212 6263],[ 0.03710938 -0.25      ],[0.23242188 0.33984375],[0. 0.],slideUp
2,[5 9],[0.234375 0.421875],[0 0],[0. 0.],[7626 6638],[ 0.03710938 -0.23828125],[0.23242188 0.34960938],[0. 0.],slideUp
3,[5 9 9],[0.234375 0.421875 0.421875],[0 0 0],[0. 0. 0.],[7645 6272 4485],[ 0.03710938 -0.25       -0.421875  ],[0.23242188 0.33984375 0.        ],[0. 0. 0.],slideUp
3,[5 9 9],[0.234375 0.421875 0.421875],[0 0 0],[0. 0. 0.],[7514 7643 5495],[ 0.03710938 -0.26367188 -0.421875  ],[0.23242188 0.33007812 0.        ],[0. 0. 0.],slideUp
3,[5 9 9],[0.234375 0.421875 0.421875],[0 0 0],[0. 0. 0.],[7366 7897 5906],[ 0.03710938 -0.26367188 -0.40820312],[0.23242188 0.33007812 0.10546875],[0. 0. 0.],slideUp
3,[5 9 9],[0.234375 0.421875 0.421875],[0 0 0],[0. 0. 0.],[7489 7701 5751],[ 0.03710938 -0.25       -0.40820312],[0.23242188 0.33984375 0.10546875],[0. 0. 0.],slideUp
3,[5 9 9],[0.234375 0.421875 0.421875],[0 0 0],[0. 0. 0.],[7463 8075 5872],[ 0.03710938 -0.25       -0.40820312],[0.23242188 0.33984375 0.10546875],[0. 0. 0.],slideUp
2,[5 9],[0.234375 0.421875],[0 0],[0. 0.],[7436 8836],[ 0.03710938 -0.23828125],[0.23242188 0.34960938],[0. 0.],slideUp
2,[5 9],[0.234375 0.421875],[0 0],[0. 0.],[7358 9789],[ 0.03710938 -0.23828125],[0.23242188 0.34960938],[0. 0.],slideUp
2,[5 9],[0.234375 0.421875],[0 0],[0. 0.],[ 7403 10515],[ 0.03710938 -0.23828125],[0.23242188 0.34960938],[0. 0.],slideUp
2,[5 9],[0.234375 0.421875],[0 0],[0. 0.],[7445 8551],[ 0.03710938 -0.22460938],[0.23242188 0.35742188],[0. 0.],slideUp
2,[5 9],[0.234375 0.421875],[0 0],[0. 0.],[7469 9608],[ 0.03710938 -0.22460938],[0.23242188 0.35742188],[0. 0.],slideUp
2,[5 9],[0.234375 0.421875],[0 0],[0. 0.],[7442 8548],[ 0.03710938 -0.23828125],[0.23242188 0.34960938],[0. 0.],slideUp
3,[5 9 9],[0.234375 0.421875 0.421875],[0 0 0],[0. 0. 0.],[7265 6421 5437],[ 0.03710938 -0.23828125 -0.40820312],[0.23242188 0.34960938 0.10546875],[0. 0. 0.],slideUp
3,[5 9 9],[0.234375 0.421875 0.421875],[0 0 0],[0. 0. 0.],[7041 5695 4229],[ 0.03710938 -0.25       -0.40820312],[0.23242188 0.33984375 0.10546875],[0. 0. 0.],slideUp
2,[5 9],[0.234375 0.421875],[0 0],[0. 0.],[7005 7382],[ 0.03710938 -0.26367188],[0.23242188 0.33007812],[0. 0.],slideUp
2,[5 9],[0.234375 0.421875],[0 0],[0. 0.],[6936 7368],[ 0.03710938 -0.26367188],[0.23242188 0.33007812],[0. 0.],slideUp
2,[5 9],[0.234375 0.421875],[0 0],[0. 0.],[6896 4966],[ 0.03710938 -0.27734375],[0.23242188 0.31835938],[0. 0.],slideUp
2,[5 9],[0.234375 0.421875],[0 0],[0. 0.],[6901 8874],[ 0.03710938 -0.25      ],[0.23242188 0.33984375],[0. 0.],slideUp
2,[5 9],[0.234375 0.421875],[0 0],[0. 0.],[6790 8875],[ 0.03710938 -0.25      ],[0.23242188 0.33984375],[0. 0.],slideUp
2,[5 9],[0.234375 0.421875],[0 0],[0. 0.],[6645 8497],[ 0.02929688 -0.25      ],[0.23242188 0.33984375],[0. 0.],slideUp
