numObj,rangeIdx,range,dopplerIdx,doppler,peakVal,x,y,z,Label
4,[ 1 10 26 26],[0.046875 0.46875  1.21875  1.21875 ],[0 0 0 0],[0. 0. 0. 0.],[2864 1283 4161 3243],[-0.04492188 -0.015625    0.         -0.49609375],[0.01171875 0.46875    1.21875    1.11328125],[0. 0. 0. 0.],background
4,[ 1 10 26 26],[0.046875 0.46875  1.21875  1.21875 ],[0 0 0 0],[0. 0. 0. 0.],[2855 1271 4152 3238],[-0.04492188 -0.02929688  0.         -0.49609375],[0.01171875 0.46875    1.21875    1.11328125],[0. 0. 0. 0.],background
4,[ 1 10 26 26],[0.046875 0.46875  1.21875  1.21875 ],[0 0 0 0],[0. 0. 0. 0.],[2847 1169 4163 3248],[-0.04492188 -0.02929688  0.         -0.49609375],[0.01171875 0.46875    1.21875    1.11328125],[0. 0. 0. 0.],background
3,[ 1 26 26],[0.046875 1.21875  1.21875 ],[0 0 0],[0. 0. 0.],[2845 4163 3276],[-0.04492188  0.         -0.49609375],[0.01171875 1.21875    1.11328125],[0. 0. 0.],background
3,[ 1 26 26],[0.046875 1.21875  1.21875 ],[0 0 0],[0. 0. 0.],[2835 4154 3256],[-0.04492188  0.         -0.49609375],[0.01171875 1.21875    1.11328125],[0. 0. 0.],background
4,[ 1 26 55 26],[0.046875 1.21875  2.578125 1.21875 ],[0 0 0 0],[0. 0. 0. 0.],[2833 4162  908 3219],[-0.04492188  0.         -2.09570312 -0.49609375],[0.01171875 1.21875    1.50390625 1.11328125],[0. 0. 0. 0.],background
4,[ 1 26 55 26],[0.046875 1.21875  2.578125 1.21875 ],[0 0 0 0],[0. 0. 0. 0.],[2833 4181  881 3200],[-0.04492188  0.         -2.09570312 -0.49609375],[0.01171875 1.21875    1.50390625 1.11328125],[0. 0. 0. 0.],background
7,[ 1 10 26 55 10 26 55],[0.046875 0.46875  1.21875  2.578125 0.46875  1.21875  2.578125],[0 0 0 0 0 0 0],[0. 0. 0. 0. 0. 0. 0.],[2824  364 4202  880  331 3192  629],"[-0.04492188 -0.234375    0.         -2.01367188 -0.02929688 -0.49609375
  2.17578125]","[0.01171875 0.40625    1.21875    1.609375   0.46875    1.11328125
 1.38476562]",[0. 0. 0. 0. 0. 0. 0.],background
5,[ 1 26 55 26 55],[0.046875 1.21875  2.578125 1.21875  2.578125],[0 0 0 0 0],[0. 0. 0. 0. 0.],[2818 4201  921 3209  678],[-0.04492188  0.         -2.01367188 -0.49609375  2.17578125],[0.01171875 1.21875    1.609375   1.11328125 1.38476562],[0. 0. 0. 0. 0.],background
5,[ 1 26 55 26 55],[0.046875 1.21875  2.578125 1.21875  2.578125],[0 0 0 0 0],[0. 0. 0. 0. 0.],[2822 4198  950 3224  694],[-0.04492188  0.         -2.01367188 -0.49609375  2.17578125],[0.01171875 1.21875    1.609375   1.11328125 1.38476562],[0. 0. 0. 0. 0.],background
3,[ 1 26 26],[0.046875 1.21875  1.21875 ],[0 0 0],[0. 0. 0.],[2817 4190 3242],[-0.04492188  0.         -0.49609375],[0.01171875 1.21875    1.11328125],[0. 0. 0.],background
3,[ 1 26 26],[0.046875 1.21875  1.21875 ],[0 0 0],[0. 0. 0.],[2815 4213 3260],[-0.04492188  0.         -0.49609375],[0.01171875 1.21875    1.11328125],[0. 0. 0.],background
3,[ 1 26 26],[0.046875 1.21875  1.21875 ],[0 0 0],[0. 0. 0.],[2815 4266 3286],[-0.04492188  0.         -0.49609375],[0.01171875 1.21875    1.11328125],[0. 0. 0.],background
3,[ 1 26 26],[0.046875 1.21875  1.21875 ],[0 0 0],[0. 0. 0.],[2816 4338 3327],[-0.04492188  0.         -0.49609375],[0.01171875 1.21875    1.11328125],[0. 0. 0.],background
3,[ 1 26 26],[0.046875 1.21875  1.21875 ],[0 0 0],[0. 0. 0.],[2810 4463 3422],[-0.04492188  0.         -0.49609375],[0.01171875 1.21875    1.11328125],[0. 0. 0.],background
4,[ 1 26 10 26],[0.046875 1.21875  0.46875  1.21875 ],[0 0 1 0],[0.         0.         0.05853521 0.        ],[2804 5215 1199 3889],[-0.04492188 -0.0390625  -0.02929688 -0.49609375],[0.01171875 1.21875    0.46875    1.11328125],[0. 0. 0. 0.],background
5,[ 1 26 10 26 10],[0.046875 1.21875  0.46875  1.21875  0.46875 ],[0 0 2 0 2],[0.         0.         0.11707043 0.         0.11707043],[2803 5826  437 4148  360],[-0.04492188 -0.0390625   0.19140625 -0.49609375  0.        ],[0.01171875 1.21875    0.42773438 1.11328125 0.46875   ],[0. 0. 0. 0. 0.],background
7,[ 1 26 10  7 30 26 10],[0.046875 1.21875  0.46875  0.328125 1.40625  1.21875  0.46875 ],[ 0  0  4  6 -3  0  4],"[ 0.          0.          0.23414086  0.35121129 -0.17560564  0.
  0.23414086]",[2806 7134  632  100   37 5214  576],"[-0.04492188  0.         -0.22070312  0.05078125  0.         -0.45703125
  0.19140625]","[0.01171875 1.21875    0.4140625  0.32421875 1.40625    1.13085938
 0.42773438]",[0. 0. 0. 0. 0. 0. 0.],background
9,[ 1 26 13 10 11  8 30 10  8],"[0.046875 1.21875  0.609375 0.46875  0.515625 0.375    1.40625  0.46875
 0.375   ]",[ 0  0  1  4  6  7 -3  4  7],"[ 0.          0.          0.05853521  0.23414086  0.35121129  0.4097465
 -0.17560564  0.23414086  0.4097465 ]",[2799 8300  768  542  746  174  119  457  140],"[-0.04492188  0.         -0.28515625 -0.07421875 -0.08007812  0.05859375
 -0.08789062 -0.25       -0.08203125]","[0.01171875 1.21875    0.5390625  0.46289062 0.50976562 0.37109375
 1.40429688 0.39648438 0.36523438]",[0. 0. 0. 0. 0. 0. 0. 0. 0.],background
7,[ 1 26 57 11 11 26 11],[0.046875 1.21875  2.671875 0.515625 0.515625 1.21875  0.515625],[0 0 3 5 7 0 7],"[0.         0.         0.17560564 0.29267607 0.4097465  0.
 0.4097465 ]",[ 2797 12485    74   571   414  8912   351],"[-0.04492188  0.         -0.66796875 -0.04882812 -0.03320312 -0.45703125
 -0.2421875 ]","[0.01171875 1.21875    2.58789062 0.51367188 0.515625   1.13085938
 0.45507812]",[0. 0. 0. 0. 0. 0. 0.],background
9,[ 1 26 49 57 11 38 26 57 11],"[0.046875 1.21875  2.296875 2.671875 0.515625 1.78125  1.21875  2.671875
 0.515625]",[ 0  0  0  3  7 -5  0  3  7],"[ 0.          0.          0.          0.17560564  0.4097465  -0.29267607
  0.          0.17560564  0.4097465 ]",[ 2798 14311  1125    63   835   191 10955    60   721],"[-0.04492188  0.          0.21484375 -2.00390625 -0.015625   -0.05664062
 -0.45703125 -0.58398438 -0.20898438]","[0.01171875 1.21875    2.28710938 1.76757812 0.515625   1.78125
 1.13085938 2.60742188 0.47070312]",[0. 0. 0. 0. 0. 0. 0. 0. 0.],background
14,[ 1 26 49 12 58 15 11 12 38 38 26 12 58 12],"[0.046875 1.21875  2.296875 0.5625   2.71875  0.703125 0.515625 0.5625
 1.78125  1.78125  1.21875  0.5625   2.71875  0.5625  ]",[ 0  0  0  3  4  5  7  9 -4 -2  0  3  4  9],"[ 0.          0.          0.          0.17560564  0.23414086  0.29267607
  0.4097465   0.52681693 -0.23414086 -0.11707043  0.          0.17560564
  0.23414086  0.52681693]","[ 2795 16455  1444   101    64    46   629   332   285   142 13398    77
    59   309]","[-0.04492188  0.          0.21484375 -0.140625   -2.54882812 -0.39648438
 -0.015625   -0.0703125  -0.05664062 -0.11132812 -0.45703125 -0.3515625
 -0.6796875  -0.24609375]","[0.01171875 1.21875    2.28710938 0.54492188 0.9453125  0.58203125
 0.515625   0.55859375 1.78125    1.77734375 1.13085938 0.43945312
 2.6328125  0.50585938]",[0. 0. 0. 0. 0. 0. 0. 0. 0. 0. 0. 0. 0. 0.],background
9,[ 1 26 49 12  9 39  7 26  9],"[0.046875 1.21875  2.296875 0.5625   0.421875 1.828125 0.328125 1.21875
 0.421875]",[ 0  0  0  5  8 -5 -3  0  8],"[ 0.          0.          0.          0.29267607  0.46828172 -0.29267607
 -0.17560564  0.          0.46828172]",[ 2790 19469  1842   735    38   125   113 15569    35],"[-0.04492188  0.          0.21484375 -0.05273438 -0.05273438 -0.05664062
 -0.04101562 -0.45703125  0.09179688]","[0.01171875 1.21875    2.28710938 0.56054688 0.41796875 1.828125
 0.32617188 1.13085938 0.41210938]",[0. 0. 0. 0. 0. 0. 0. 0. 0.],background
8,[ 1 26 29 49 12 39 37 26],[0.046875 1.21875  1.359375 2.296875 0.5625   1.828125 1.734375 1.21875 ],[ 0  0  0  0  3 -5 -4  0],"[ 0.          0.          0.          0.          0.17560564 -0.29267607
 -0.23414086  0.        ]",[ 2788 14169 12492  1714   899   175   103 12486],"[-0.04492188  0.          0.04296875  0.21484375 -0.10546875 -0.05664062
 -0.0546875  -0.45703125]","[0.01171875 1.21875    1.359375   2.28710938 0.55273438 1.828125
 1.734375   1.13085938]",[0. 0. 0. 0. 0. 0. 0. 0.],background
7,[ 1 26 49 13  7 26 13],[0.046875 1.21875  2.296875 0.609375 0.328125 1.21875  0.609375],[0 0 0 3 4 0 3],"[0.         0.         0.         0.17560564 0.23414086 0.
 0.17560564]",[ 2786 20007  1795   201   960 17014   189],"[-0.04492188  0.          0.21484375  0.171875    0.03125    -0.45703125
 -0.36132812]","[0.01171875 1.21875    2.28710938 0.58398438 0.32617188 1.13085938
 0.49023438]",[0. 0. 0. 0. 0. 0. 0.],background
7,[ 1 26 49  7 41 26  7],[0.046875 1.21875  2.296875 0.328125 1.921875 1.21875  0.328125],[0 0 0 2 3 0 2],"[0.         0.         0.         0.11707043 0.17560564 0.
 0.11707043]",[ 2793 14197  1606  1253   132 12110   974],"[-0.04492188  0.          0.21484375 -0.0625     -0.41992188 -0.45703125
  0.05078125]","[0.01171875 1.21875    2.28710938 0.32226562 1.875      1.13085938
 0.32421875]",[0. 0. 0. 0. 0. 0. 0.],background
3,[ 7 26 26],[0.328125 1.21875  1.21875 ],[0 0 0],[0. 0. 0.],[2827 6938 6149],[ 0.00976562  0.         -0.49609375],[0.328125   1.21875    1.11328125],[0. 0. 0.],background
6,[ 1 26 29  7 26  7],[0.046875 1.21875  1.359375 0.328125 1.21875  0.328125],[ 0  0  0 -1  0 -1],[ 0.          0.          0.         -0.05853521  0.         -0.05853521],[2787 5680 3758 2608 4934 2147],[-0.04492188  0.          0.         -0.02148438 -0.49609375 -0.14453125],[0.01171875 1.21875    1.359375   0.328125   1.11328125 0.29492188],[0. 0. 0. 0. 0. 0.],background
5,[ 1 26 23  7 26],[0.046875 1.21875  1.078125 0.328125 1.21875 ],[ 0  0 -4 -2  0],[ 0.          0.         -0.23414086 -0.11707043  0.        ],[2785 4290  109 6772 3481],[-0.04492188  0.          0.03320312  0.00976562 -0.49609375],[0.01171875 1.21875    1.078125   0.328125   1.11328125],[0. 0. 0. 0. 0.],background
10,[ 1 26 30 55 12 22  7 13 55 22],"[0.046875 1.21875  1.40625  2.578125 0.5625   1.03125  0.328125 0.609375
 2.578125 1.03125 ]",[ 0  0  0  0 -8 -8 -4 -3  0 -8],"[ 0.          0.          0.          0.         -0.46828172 -0.46828172
 -0.23414086 -0.17560564  0.         -0.46828172]",[ 2785  1556   798   875   120   101 11461  1197   623    82],"[-0.04492188  0.          0.         -2.01367188 -0.05273438 -0.35546875
 -0.04101562  0.09570312  2.17578125  0.        ]","[0.01171875 1.21875    1.40625    1.609375   0.56054688 0.96875
 0.32617188 0.6015625  1.38476562 1.03125   ]",[0. 0. 0. 0. 0. 0. 0. 0. 0. 0.],background
6,[29 55 12  7 13 12],[1.359375 2.578125 0.5625   0.328125 0.609375 0.5625  ],[ 0  0 -7 -3 -3 -7],[ 0.          0.         -0.4097465  -0.17560564 -0.17560564 -0.4097465 ],[ 1750   868   203 12590  1477   167],[ 0.04296875 -2.01367188  0.01757812  0.03125    -0.01953125 -0.17578125],[1.359375   1.609375   0.5625     0.32617188 0.609375   0.53515625],[0. 0. 0. 0. 0. 0.],background
8,[29 55  7  7 34  7 13  6],[1.359375 2.578125 0.328125 0.328125 1.59375  0.328125 0.609375 0.28125 ],[ 0  0  1  3  6  7 -3 -1],"[ 0.          0.          0.05853521  0.17560564  0.35121129  0.4097465
 -0.17560564 -0.05853521]",[1738  885 4785 5578   72  997 2061 2767],"[ 0.0859375  -2.01367188 -0.03125    -0.10351562  0.05078125 -0.1328125
  0.05664062 -0.03515625]","[1.35742188 1.609375   0.32617188 0.3125     1.59375    0.30078125
 0.60742188 0.27929688]",[0. 0. 0. 0. 0. 0. 0. 0.],background
13,[26 29 55  6 26  7 34 12 26  6 26  7 34],"[1.21875  1.359375 2.578125 0.28125  1.21875  0.328125 1.59375  0.5625
 1.21875  0.28125  1.21875  0.328125 1.59375 ]",[ 0  0  0  2  5  6  7 -3  0  2  5  6  7],"[ 0.          0.          0.          0.11707043  0.29267607  0.35121129
  0.4097465  -0.17560564  0.          0.11707043  0.29267607  0.35121129
  0.4097465 ]",[1000 1673  898 6492  157 1867   47 2465  954 4608  129 1369   43],"[-0.57226562  0.0859375  -2.01367188 -0.0703125   0.3046875  -0.1328125
 -0.05078125 -0.03515625 -0.11523438 -0.17578125 -0.15234375  0.20507812
  0.54882812]","[1.07617188 1.35742188 1.609375   0.27148438 1.1796875  0.30078125
 1.59375    0.56054688 1.21289062 0.21875    1.20898438 0.25585938
 1.49609375]",[0. 0. 0. 0. 0. 0. 0. 0. 0. 0. 0. 0. 0.],slideUp
7,[ 1 29 55  7 26  7 12],[0.046875 1.359375 2.578125 0.328125 1.21875  0.328125 0.5625  ],[ 0  0  0  1  2  3 -3],"[ 0.          0.          0.          0.05853521  0.11707043  0.17560564
 -0.17560564]",[2782 1962  841 1157  437 1094 2714],"[-0.04492188  0.0859375  -2.09570312 -0.1328125   0.         -0.17382812
  0.03515625]","[0.01171875 1.35742188 1.50390625 0.30078125 1.21875    0.27734375
 0.56054688]",[0. 0. 0. 0. 0. 0. 0.],slideUp
4,[29 55 12 12],[1.359375 2.578125 0.5625   0.5625  ],[ 0  0 -2 -2],[ 0.          0.         -0.11707043 -0.11707043],[2019  915 4259 4055],[ 0.0859375  -2.01367188 -0.140625    0.0703125 ],[1.35742188 1.609375   0.54492188 0.55859375],[0. 0. 0. 0.],slideUp
6,[ 1 29 55  7 26 12],[0.046875 1.359375 2.578125 0.328125 1.21875  0.5625  ],[ 0  0  0 -4 -4 -2],[ 0.          0.          0.         -0.23414086 -0.23414086 -0.11707043],[2787 2034  920 1672  641 4819],[-0.04492188  0.0859375  -2.09570312  0.1953125   0.          0.01757812],[0.01171875 1.35742188 1.50390625 0.26367188 1.21875    0.5625    ],[0. 0. 0. 0. 0. 0.],slideUp
11,[ 1 29 55 10  6 20 15 12 10  6 12],"[0.046875 1.359375 2.578125 0.46875  0.28125  0.9375   0.703125 0.5625
 0.46875  0.28125  0.5625  ]",[  0   0   0 -12  -9  -6  -4  -1 -12  -9  -1],"[ 0.          0.          0.         -0.70242258 -0.52681693 -0.35121129
 -0.23414086 -0.05853521 -0.70242258 -0.52681693 -0.05853521]",[2784 1972  907  162 1592  395  168 3591  131 1169 2702],"[-0.04492188  0.0859375  -2.09570312  0.16210938 -0.11523438 -0.38085938
  0.04492188  0.0703125  -0.015625   -0.22070312 -0.15820312]","[0.01171875 1.35742188 1.50390625 0.43945312 0.2578125  0.85742188
 0.70117188 0.55859375 0.46875    0.17578125 0.5390625 ]",[0. 0. 0. 0. 0. 0. 0. 0. 0. 0. 0.],slideUp
13,[ 1 29 55  7 22  6 35 33 12  6 35 33 12],"[0.046875 1.359375 2.578125 0.328125 1.03125  0.28125  1.640625 1.546875
 0.5625   0.28125  1.640625 1.546875 0.5625  ]",[  0   0   0 -23 -11 -10  -8  -4  -1 -10  -8  -4  -1],"[ 0.          0.          0.         -1.34630994 -0.64388736 -0.58535215
 -0.46828172 -0.23414086 -0.05853521 -0.58535215 -0.46828172 -0.23414086
 -0.05853521]",[2784 1864  878 1345   72 2272   34   72 2693 1830   27   67 2575],"[-0.04492188  0.04296875 -2.09570312 -0.18554688 -0.38671875 -0.11523438
  0.76953125 -0.43554688  0.03515625 -0.22070312 -0.71875     0.09765625
 -0.17578125]","[0.01171875 1.359375   1.50390625 0.27148438 0.95703125 0.2578125
 1.44921875 1.484375   0.56054688 0.17578125 1.47460938 1.54492188
 0.53515625]",[0. 0. 0. 0. 0. 0. 0. 0. 0. 0. 0. 0. 0.],slideUp
7,[ 1 12 29 55  5 12  5],[0.046875 0.5625   1.359375 2.578125 0.234375 0.5625   0.234375],[ 0  0  0  0 -2  0 -2],"[ 0.          0.          0.          0.         -0.11707043  0.
 -0.11707043]",[2777 1676 1732  844 1547 1488 1129],"[-0.04492188  0.140625    0.04296875 -2.01367188 -0.02929688 -0.08789062
 -0.1171875 ]","[0.01171875 0.54492188 1.359375   1.609375   0.23242188 0.5546875
 0.203125  ]",[0. 0. 0. 0. 0. 0. 0.],slideUp
4,[ 1 29 55 55],[0.046875 1.359375 2.578125 2.578125],[0 0 0 0],[0. 0. 0. 0.],[2784 1760  867  639],[-0.04492188  0.04296875 -2.01367188  2.17578125],[0.01171875 1.359375   1.609375   1.38476562],[0. 0. 0. 0.],slideUp
5,[ 1 29 55  5  5],[0.046875 1.359375 2.578125 0.234375 0.234375],[0 0 0 2 2],[0.         0.         0.         0.11707043 0.11707043],[2781 1608  897 1286  941],[-0.04492188  0.04296875 -2.01367188 -0.08789062  0.015625  ],[0.01171875 1.359375   1.609375   0.21679688 0.234375  ],[0. 0. 0. 0. 0.],slideUp
12,[ 1 12 29 55  5 34  6  6 12  5 34  6],"[0.046875 0.5625   1.359375 2.578125 0.234375 1.59375  0.28125  0.28125
 0.5625   0.234375 1.59375  0.28125 ]",[0 0 0 0 2 2 5 9 0 2 2 5],"[0.         0.         0.         0.         0.11707043 0.11707043
 0.29267607 0.52681693 0.         0.11707043 0.11707043 0.29267607]",[2779 1324 1633  902 1699  248  650  545 1301 1608  191  610],"[-0.04492188 -0.08789062  0.0859375  -2.01367188 -0.02929688  0.19921875
 -0.09765625 -0.1328125   0.12304688 -0.1171875  -0.34960938 -0.2109375 ]","[0.01171875 0.5546875  1.35742188 1.609375   0.23242188 1.58203125
 0.26367188 0.24804688 0.54882812 0.203125   1.5546875  0.18554688]",[0. 0. 0. 0. 0. 0. 0. 0. 0. 0. 0. 0.],slideUp
11,[ 1 29 55  5 10  7  6  5 10  7  6],"[0.046875 1.359375 2.578125 0.234375 0.46875  0.328125 0.28125  0.234375
 0.46875  0.328125 0.28125 ]",[ 0  0  0  2  5  6 10  2  5  6 10],"[0.         0.         0.         0.11707043 0.29267607 0.35121129
 0.58535215 0.11707043 0.29267607 0.35121129 0.58535215]",[2781 1503  925 1725   97  108  805 1490   78   87  715],"[-0.04492188  0.0859375  -2.01367188 -0.1171875  -0.14648438 -0.03125
 -0.140625   -0.02929688 -0.32226562 -0.15429688  0.15820312]","[0.01171875 1.35742188 1.609375   0.203125   0.4453125  0.32617188
 0.24414062 0.23242188 0.33984375 0.2890625  0.23242188]",[0. 0. 0. 0. 0. 0. 0. 0. 0. 0. 0.],slideUp
6,[ 1 12 29 55  6  6],[0.046875 0.5625   1.359375 2.578125 0.28125  0.28125 ],[0 0 0 0 3 3],[0.         0.         0.         0.         0.17560564 0.17560564],[2778 2977 1305  967 1978 1556],[-0.04492188 -0.03515625  0.0859375  -2.01367188 -0.11523438 -0.2109375 ],[0.01171875 0.56054688 1.35742188 1.609375   0.2578125  0.18554688],[0. 0. 0. 0. 0. 0.],slideUp
6,[ 1 29 55 11  6  6],[0.046875 1.359375 2.578125 0.515625 0.28125  0.28125 ],[0 0 0 1 2 2],[0.         0.         0.         0.05853521 0.11707043 0.11707043],[2784  971  854 1800 1846 1542],[-0.04492188  0.04296875 -2.09570312 -0.015625   -0.09765625 -0.22070312],[0.01171875 1.359375   1.50390625 0.515625   0.26367188 0.17578125],[0. 0. 0. 0. 0. 0.],background
5,[ 1 26 55 12 26],[0.046875 1.21875  2.578125 0.5625   1.21875 ],[0 0 0 1 0],[0.         0.         0.         0.05853521 0.        ],[2777 1060  928 1261  880],[-0.04492188 -0.0390625  -2.01367188 -0.140625   -0.49609375],[0.01171875 1.21875    1.609375   0.54492188 1.11328125],[0. 0. 0. 0. 0.],background
7,[ 1  6 26 12  6  6 26],[0.046875 0.28125  1.21875  0.5625   0.28125  0.28125  1.21875 ],[ 0  0  0  1 -1  0  0],"[ 0.          0.          0.          0.05853521 -0.05853521  0.
  0.        ]",[2778 2127 1600 1853 2770 1559 1168],"[-0.04492188 -0.0703125  -0.0390625   0.0703125  -0.08789062 -0.17578125
 -0.49609375]","[0.01171875 0.27148438 1.21875    0.55859375 0.26757812 0.21875
 1.11328125]",[0. 0. 0. 0. 0. 0. 0.],background
6,[ 1 26 11  7 11  7],[0.046875 1.21875  0.515625 0.328125 0.515625 0.328125],[ 0  0 -3 -2 -3 -2],[ 0.          0.         -0.17560564 -0.11707043 -0.17560564 -0.11707043],[2781 2538   93 1286   81  913],[-0.04492188  0.          0.09765625  0.20507812 -0.09765625 -0.26757812],[0.01171875 1.21875    0.50585938 0.25585938 0.50585938 0.19140625],[0. 0. 0. 0. 0. 0.],background
5,[ 1 26  7 26  7],[0.046875 1.21875  0.328125 1.21875  0.328125],[ 0  0 -2  0 -2],[ 0.          0.         -0.11707043  0.         -0.11707043],[2781 2619 1844 2307 1521],[-0.04492188  0.0390625  -0.11328125 -0.41992188 -0.24609375],[0.01171875 1.21875    0.30859375 1.14453125 0.21679688],[0. 0. 0. 0. 0.],background
4,[ 1 26  7 26],[0.046875 1.21875  0.328125 1.21875 ],[ 0  0 -2  0],[ 0.          0.         -0.11707043  0.        ],[2776 3158  801 2586],[-0.04492188  0.0390625   0.08203125 -0.41992188],[0.01171875 1.21875    0.31835938 1.14453125],[0. 0. 0. 0.],background
5,[ 1 26 29  7 26],[0.046875 1.21875  1.359375 0.328125 1.21875 ],[ 0  0  0 -1  0],[ 0.          0.          0.         -0.05853521  0.        ],[2776 3843 3091 1195 3198],[-0.04492188  0.          0.04296875 -0.11328125 -0.45703125],[0.01171875 1.21875    1.359375   0.30859375 1.13085938],[0. 0. 0. 0. 0.],background
5,[ 1 26 29  7 26],[0.046875 1.21875  1.359375 0.328125 1.21875 ],[0 0 0 1 0],[0.         0.         0.         0.05853521 0.        ],[2776 4532 3587  794 3753],[-0.04492188  0.          0.04296875 -0.11328125 -0.45703125],[0.01171875 1.21875    1.359375   0.30859375 1.13085938],[0. 0. 0. 0. 0.],background
5,[ 1 26 29 49 26],[0.046875 1.21875  1.359375 2.296875 1.21875 ],[0 0 0 0 0],[0. 0. 0. 0. 0.],[2779 6310 4537 1039 5083],[-0.04492188  0.          0.04296875  0.21484375 -0.45703125],[0.01171875 1.21875    1.359375   2.28710938 1.13085938],[0. 0. 0. 0. 0.],background
5,[ 1 26 29 49 26],[0.046875 1.21875  1.359375 2.296875 1.21875 ],[0 0 0 0 0],[0. 0. 0. 0. 0.],[2779 6889 4752 1077 5499],[-0.04492188  0.          0.04296875  0.21484375 -0.45703125],[0.01171875 1.21875    1.359375   2.28710938 1.13085938],[0. 0. 0. 0. 0.],background
5,[ 1 26 29 49 26],[0.046875 1.21875  1.359375 2.296875 1.21875 ],[0 0 0 0 0],[0. 0. 0. 0. 0.],[2775 6753 4650 1088 5502],[-0.04492188  0.          0.04296875  0.21484375 -0.45703125],[0.01171875 1.21875    1.359375   2.28710938 1.13085938],[0. 0. 0. 0. 0.],background
4,[ 1 26 49 26],[0.046875 1.21875  2.296875 1.21875 ],[0 0 0 0],[0. 0. 0. 0.],[2776 6395 1088 5319],[-0.04492188  0.          0.21484375 -0.49609375],[0.01171875 1.21875    2.28710938 1.11328125],[0. 0. 0. 0.],background
4,[ 1 26 49 26],[0.046875 1.21875  2.296875 1.21875 ],[0 0 0 0],[0. 0. 0. 0.],[2782 6343 1111 5369],[-0.04492188  0.          0.21484375 -0.49609375],[0.01171875 1.21875    2.28710938 1.11328125],[0. 0. 0. 0.],background
4,[ 1 26 49 26],[0.046875 1.21875  2.296875 1.21875 ],[0 0 0 0],[0. 0. 0. 0.],[2773 6669 1181 5691],[-0.04492188  0.          0.21484375 -0.49609375],[0.01171875 1.21875    2.28710938 1.11328125],[0. 0. 0. 0.],background
4,[ 1 26 49 26],[0.046875 1.21875  2.296875 1.21875 ],[0 0 0 0],[0. 0. 0. 0.],[2772 6784 1189 5858],[-0.04492188  0.          0.21484375 -0.49609375],[0.01171875 1.21875    2.28710938 1.11328125],[0. 0. 0. 0.],background
5,[ 1 26 29 49 26],[0.046875 1.21875  1.359375 2.296875 1.21875 ],[0 0 0 0 0],[0. 0. 0. 0. 0.],[2776 6303 4721 1169 5616],[-0.04492188  0.          0.04296875  0.21484375 -0.49609375],[0.01171875 1.21875    1.359375   2.28710938 1.11328125],[0. 0. 0. 0. 0.],background
5,[ 1 26 29 49 26],[0.046875 1.21875  1.359375 2.296875 1.21875 ],[0 0 0 0 0],[0. 0. 0. 0. 0.],[2774 5949 4630 1164 5350],[-0.04492188  0.          0.04296875  0.21484375 -0.49609375],[0.01171875 1.21875    1.359375   2.28710938 1.11328125],[0. 0. 0. 0. 0.],background
5,[ 1 26 29 49 26],[0.046875 1.21875  1.359375 2.296875 1.21875 ],[0 0 0 0 0],[0. 0. 0. 0. 0.],[2774 5538 4870 1151 5095],[-0.04492188  0.          0.04296875  0.21484375 -0.49609375],[0.01171875 1.21875    1.359375   2.28710938 1.11328125],[0. 0. 0. 0. 0.],background
5,[ 1 26 29 49 26],[0.046875 1.21875  1.359375 2.296875 1.21875 ],[0 0 0 0 0],[0. 0. 0. 0. 0.],[2774 5756 5163 1186 5318],[-0.04492188  0.          0.04296875  0.21484375 -0.49609375],[0.01171875 1.21875    1.359375   2.28710938 1.11328125],[0. 0. 0. 0. 0.],background
7,[ 1 26 29 49  6 26  6],[0.046875 1.21875  1.359375 2.296875 0.28125  1.21875  0.28125 ],[ 0  0  0  0 -3  0 -3],"[ 0.          0.          0.          0.         -0.17560564  0.
 -0.17560564]",[2774 6674 5694 1291  119 6166   85],"[-0.04492188  0.          0.04296875  0.21484375  0.12304688 -0.49609375
 -0.12304688]","[0.01171875 1.21875    1.359375   2.28710938 0.25390625 1.11328125
 0.25390625]",[0. 0. 0. 0. 0. 0. 0.],background
5,[ 1 26 29 49 26],[0.046875 1.21875  1.359375 2.296875 1.21875 ],[0 0 0 0 0],[0. 0. 0. 0. 0.],[ 2771 11665  8413  1645 10234],[-0.04492188  0.          0.04296875  0.21484375 -0.45703125],[0.01171875 1.21875    1.359375   2.28710938 1.13085938],[0. 0. 0. 0. 0.],background
5,[ 1 26 29 49 26],[0.046875 1.21875  1.359375 2.296875 1.21875 ],[0 0 0 0 0],[0. 0. 0. 0. 0.],[ 2771 15569 10315  1850 13371],[-0.04492188  0.          0.04296875  0.21484375 -0.45703125],[0.01171875 1.21875    1.359375   2.28710938 1.13085938],[0. 0. 0. 0. 0.],background
4,[ 1 26 49 26],[0.046875 1.21875  2.296875 1.21875 ],[0 0 0 0],[0. 0. 0. 0.],[ 2778 23501  2139 19378],[-0.04492188  0.          0.21484375 -0.45703125],[0.01171875 1.21875    2.28710938 1.13085938],[0. 0. 0. 0.],background
4,[ 1 26 49 26],[0.046875 1.21875  2.296875 1.21875 ],[0 0 0 0],[0. 0. 0. 0.],[ 2771 26215  2151 20784],[-0.04492188  0.          0.21484375 -0.45703125],[0.01171875 1.21875    2.28710938 1.13085938],[0. 0. 0. 0.],background
6,[ 1 26 49  5 13 26],[0.046875 1.21875  2.296875 0.234375 0.609375 1.21875 ],[ 0  0  0  4 -3  0],[ 0.          0.          0.          0.23414086 -0.17560564  0.        ],[ 2775 19873  1772   319   206 15053],[-0.04492188  0.          0.21484375 -0.015625    0.01953125 -0.45703125],[0.01171875 1.21875    2.28710938 0.234375   0.609375   1.13085938],[0. 0. 0. 0. 0. 0.],background
9,[ 1 26 49 37 49  6 13 26 37],"[0.046875 1.21875  2.296875 1.734375 2.296875 0.28125  0.609375 1.21875
 1.734375]",[ 0  0  0  2  4  5 -4  0  2],"[ 0.          0.          0.          0.11707043  0.23414086  0.29267607
 -0.23414086  0.          0.11707043]",[ 2771 19427  1514   757    51   400   265 15297   555],"[-0.04492188  0.          0.21484375 -0.109375   -0.07226562 -0.02734375
  0.         -0.45703125 -0.75976562]","[0.01171875 1.21875    2.28710938 1.73046875 2.296875   0.27929688
 0.609375   1.13085938 1.56054688]",[0. 0. 0. 0. 0. 0. 0. 0. 0.],background
12,[ 1 26 38  6  9 12 57 26 38  6  9 57],"[0.046875 1.21875  1.78125  0.28125  0.421875 0.5625   2.671875 1.21875
 1.78125  0.28125  0.421875 2.671875]",[ 0  0  3  4 -6 -5 -3  0  3  4 -6 -3],"[ 0.          0.          0.17560564  0.23414086 -0.35121129 -0.29267607
 -0.17560564  0.          0.17560564  0.23414086 -0.35121129 -0.17560564]",[ 2767 16983   246   179    59   289    92 13106   216   162    49    79],"[-0.04492188  0.         -0.11132812  0.         -0.10546875  0.01757812
 -0.75195312 -0.45703125 -0.77929688  0.11523438  0.05273438 -2.58789062]","[0.01171875 1.21875    1.77734375 0.28125    0.40820312 0.5625
 2.56445312 1.13085938 1.6015625  0.2578125  0.41796875 0.66210938]",[0. 0. 0. 0. 0. 0. 0. 0. 0. 0. 0. 0.],background
7,[ 1 26 38 12 58 12 58],[0.046875 1.21875  1.78125  0.5625   2.71875  0.5625   2.71875 ],[ 0  0  5 -6 -4 -2 -4],"[ 0.          0.          0.29267607 -0.35121129 -0.23414086 -0.11707043
 -0.23414086]",[2769 9772   51  755   57  183   50],"[-0.04492188  0.         -0.11132812 -0.03515625 -2.63476562 -0.0703125
 -0.84960938]","[0.01171875 1.21875    1.77734375 0.56054688 0.67382812 0.55859375
 2.58203125]",[0. 0. 0. 0. 0. 0. 0.],background
5,[ 1 26  9 12 11],[0.046875 1.21875  0.421875 0.5625   0.515625],[ 0  0 -9 -8 -5],[ 0.          0.         -0.52681693 -0.46828172 -0.29267607],[2769 6645  165  470 1041],[-0.04492188  0.          0.05273438 -0.0703125  -0.03320312],[0.01171875 1.21875    0.41796875 0.55859375 0.515625  ],[0. 0. 0. 0. 0.],background
6,[ 1 26 30 11 10 26],[0.046875 1.21875  1.40625  0.515625 0.46875  1.21875 ],[ 0  0  4 -7 -5  0],[ 0.          0.          0.23414086 -0.4097465  -0.29267607  0.        ],[2770 2821   56  501  606 2287],[-0.04492188  0.         -0.04492188 -0.08007812 -0.05859375 -0.49609375],[0.01171875 1.21875    1.40625    0.50976562 0.46484375 1.11328125],[0. 0. 0. 0. 0. 0.],background
5,[ 1 26 11 26 11],[0.046875 1.21875  0.515625 1.21875  0.515625],[ 0  0 -6  0 -6],[ 0.          0.         -0.35121129  0.         -0.35121129],[2771 2936  683 2452  485],[-0.04492188  0.         -0.04882812 -0.49609375 -0.2421875 ],[0.01171875 1.21875    0.51367188 1.11328125 0.45507812],[0. 0. 0. 0. 0.],background
6,[ 1 26 29 11 26 11],[0.046875 1.21875  1.359375 0.515625 1.21875  0.515625],[ 0  0  0 -2  0 -2],[ 0.          0.          0.         -0.11707043  0.         -0.11707043],[2769 2386 2358  728 2349  570],[-0.04492188 -0.0390625   0.12695312 -0.06445312 -0.49609375  0.19335938],[0.01171875 1.21875    1.35351562 0.51171875 1.11328125 0.47851562],[0. 0. 0. 0. 0. 0.],background
5,[ 1 26 29 10 26],[0.046875 1.21875  1.359375 0.46875  1.21875 ],[ 0  0  0 -1  0],[ 0.          0.          0.         -0.05853521  0.        ],[2766 2395 2367 1151 2309],[-0.04492188 -0.0390625   0.12695312 -0.02929688 -0.49609375],[0.01171875 1.21875    1.35351562 0.46875    1.11328125],[0. 0. 0. 0. 0.],background
6,[ 1 10 26 29 10 26],[0.046875 0.46875  1.21875  1.359375 0.46875  1.21875 ],[ 0  0  0  0 -1  0],[ 0.          0.          0.          0.         -0.05853521  0.        ],[2764  928 2574 2176 1047 2500],[-0.04492188 -0.04492188 -0.0390625   0.12695312 -0.04492188 -0.49609375],[0.01171875 0.46679688 1.21875    1.35351562 0.46679688 1.11328125],[0. 0. 0. 0. 0. 0.],background
4,[ 1 10 26 26],[0.046875 0.46875  1.21875  1.21875 ],[0 0 0 0],[0. 0. 0. 0.],[2768 1122 3181 2826],[-0.04492188 -0.04492188  0.         -0.49609375],[0.01171875 0.46679688 1.21875    1.11328125],[0. 0. 0. 0.],background
5,[ 1 10 26 10 26],[0.046875 0.46875  1.21875  0.46875  1.21875 ],[0 0 0 0 0],[0. 0. 0. 0. 0.],[2770  745 3531  539 2988],[-0.04492188 -0.05859375  0.         -0.234375   -0.45703125],[0.01171875 0.46484375 1.21875    0.40625    1.13085938],[0. 0. 0. 0. 0.],background
4,[ 1 10 26 26],[0.046875 0.46875  1.21875  1.21875 ],[0 0 0 0],[0. 0. 0. 0.],[2760  878 4115 3224],[-0.04492188 -0.015625    0.         -0.45703125],[0.01171875 0.46875    1.21875    1.13085938],[0. 0. 0. 0.],background
4,[ 1 10 26 26],[0.046875 0.46875  1.21875  1.21875 ],[0 0 0 0],[0. 0. 0. 0.],[2762  676 4235 3308],[-0.04492188  0.015625    0.         -0.45703125],[0.01171875 0.46875    1.21875    1.13085938],[0. 0. 0. 0.],background
5,[ 1 10 26 10 26],[0.046875 0.46875  1.21875  0.46875  1.21875 ],[0 0 0 0 0],[0. 0. 0. 0. 0.],[2766  959 4344  753 3410],[-0.04492188  0.          0.          0.17578125 -0.45703125],[0.01171875 0.46875    1.21875    0.43554688 1.13085938],[0. 0. 0. 0. 0.],background
5,[ 1 10 26 10 26],[0.046875 0.46875  1.21875  0.46875  1.21875 ],[0 0 0 0 0],[0. 0. 0. 0. 0.],[2760  845 4371  669 3429],[-0.04492188  0.          0.          0.17578125 -0.45703125],[0.01171875 0.46875    1.21875    0.43554688 1.13085938],[0. 0. 0. 0. 0.],background
3,[ 1 26 26],[0.046875 1.21875  1.21875 ],[0 0 0],[0. 0. 0.],[2762 4523 3555],[-0.04492188  0.         -0.45703125],[0.01171875 1.21875    1.13085938],[0. 0. 0.],background
3,[ 1 26 26],[0.046875 1.21875  1.21875 ],[0 0 0],[0. 0. 0.],[2767 5120 3974],[-0.04492188  0.         -0.49609375],[0.01171875 1.21875    1.11328125],[0. 0. 0.],background
3,[ 1 26 26],[0.046875 1.21875  1.21875 ],[0 0 0],[0. 0. 0.],[2759 5331 4115],[-0.04492188  0.         -0.49609375],[0.01171875 1.21875    1.11328125],[0. 0. 0.],background
5,[ 1 10 26 10 26],[0.046875 0.46875  1.21875  0.46875  1.21875 ],[0 0 0 0 0],[0. 0. 0. 0. 0.],[2759  490 5768  427 4382],[-0.04492188  0.02929688  0.          0.16210938 -0.49609375],[0.01171875 0.46875    1.21875    0.43945312 1.11328125],[0. 0. 0. 0. 0.],background
3,[ 1 26 26],[0.046875 1.21875  1.21875 ],[0 0 0],[0. 0. 0.],[2760 5879 4444],[-0.04492188  0.         -0.49609375],[0.01171875 1.21875    1.11328125],[0. 0. 0.],background
3,[ 1 26 26],[0.046875 1.21875  1.21875 ],[0 0 0],[0. 0. 0.],[2758 6234 4632],[-0.04492188  0.         -0.49609375],[0.01171875 1.21875    1.11328125],[0. 0. 0.],background
5,[ 1 10 26 10 26],[0.046875 0.46875  1.21875  0.46875  1.21875 ],[0 0 0 0 0],[0. 0. 0. 0. 0.],[2762  553 6417  430 4717],[-0.04492188  0.02929688  0.         -0.14648438 -0.49609375],[0.01171875 0.46875    1.21875    0.4453125  1.11328125],[0. 0. 0. 0. 0.],background
5,[ 1 10 26 10 26],[0.046875 0.46875  1.21875  0.46875  1.21875 ],[0 0 0 0 0],[0. 0. 0. 0. 0.],[2760  556 6502  428 4737],[-0.04492188  0.02929688  0.         -0.14648438 -0.49609375],[0.01171875 0.46875    1.21875    0.4453125  1.11328125],[0. 0. 0. 0. 0.],background
5,[ 1 10 26 10 26],[0.046875 0.46875  1.21875  0.46875  1.21875 ],[0 0 0 0 0],[0. 0. 0. 0. 0.],[2765  601 6551  460 4769],[-0.04492188  0.04492188  0.         -0.14648438 -0.49609375],[0.01171875 0.46679688 1.21875    0.4453125  1.11328125],[0. 0. 0. 0. 0.],background
3,[ 1 26 26],[0.046875 1.21875  1.21875 ],[0 0 0],[0. 0. 0.],[2761 6432 4699],[-0.04492188  0.         -0.49609375],[0.01171875 1.21875    1.11328125],[0. 0. 0.],background
5,[ 1 10 26 10 26],[0.046875 0.46875  1.21875  0.46875  1.21875 ],[0 0 0 0 0],[0. 0. 0. 0. 0.],[2761  541 6228  521 4670],[-0.04492188 -0.1328125   0.          0.04492188 -0.49609375],[0.01171875 0.44921875 1.21875    0.46679688 1.11328125],[0. 0. 0. 0. 0.],background
3,[ 1 26 26],[0.046875 1.21875  1.21875 ],[0 0 0],[0. 0. 0.],[2762 6151 4678],[-0.04492188  0.         -0.49609375],[0.01171875 1.21875    1.11328125],[0. 0. 0.],background
3,[ 1 26 26],[0.046875 1.21875  1.21875 ],[0 0 0],[0. 0. 0.],[2758 6083 4655],[-0.04492188  0.         -0.49609375],[0.01171875 1.21875    1.11328125],[0. 0. 0.],background
3,[ 1 26 26],[0.046875 1.21875  1.21875 ],[0 0 0],[0. 0. 0.],[2757 5993 4592],[-0.04492188  0.         -0.49609375],[0.01171875 1.21875    1.11328125],[0. 0. 0.],background
3,[ 1 26 26],[0.046875 1.21875  1.21875 ],[0 0 0],[0. 0. 0.],[2757 5857 4505],[-0.04492188  0.         -0.49609375],[0.01171875 1.21875    1.11328125],[0. 0. 0.],background
5,[ 1 10 26 10 26],[0.046875 0.46875  1.21875  0.46875  1.21875 ],[0 0 0 0 0],[0. 0. 0. 0. 0.],[2756  562 5550  471 4216],[-0.04492188  0.04492188  0.         -0.14648438 -0.49609375],[0.01171875 0.46679688 1.21875    0.4453125  1.11328125],[0. 0. 0. 0. 0.],background
5,[ 1 10 26 10 26],[0.046875 0.46875  1.21875  0.46875  1.21875 ],[0 0 0 0 0],[0. 0. 0. 0. 0.],[2754  573 5300  437 3989],[-0.04492188  0.04492188  0.         -0.1328125  -0.49609375],[0.01171875 0.46679688 1.21875    0.44921875 1.11328125],[0. 0. 0. 0. 0.],background
5,[ 1 10 26 10 26],[0.046875 0.46875  1.21875  0.46875  1.21875 ],[0 0 0 0 0],[0. 0. 0. 0. 0.],[2761  470 4851  444 3592],[-0.04492188 -0.1171875   0.          0.16210938 -0.49609375],[0.01171875 0.453125   1.21875    0.43945312 1.11328125],[0. 0. 0. 0. 0.],background
4,[10 26 10 26],[0.46875 1.21875 0.46875 1.21875],[0 0 0 0],[0. 0. 0. 0.],[ 559 4675  545 3504],[ 0.16210938  0.         -0.08789062 -0.49609375],[0.43945312 1.21875    0.4609375  1.11328125],[0. 0. 0. 0.],background
3,[ 1 26 26],[0.046875 1.21875  1.21875 ],[0 0 0],[0. 0. 0.],[2763 4281 3194],[-0.04492188  0.         -0.49609375],[0.01171875 1.21875    1.11328125],[0. 0. 0.],background
3,[ 1 26 26],[0.046875 1.21875  1.21875 ],[0 0 0],[0. 0. 0.],[2763 4095 3026],[-0.04492188  0.         -0.45703125],[0.01171875 1.21875    1.13085938],[0. 0. 0.],background
3,[ 1 26 26],[0.046875 1.21875  1.21875 ],[0 0 0],[0. 0. 0.],[2765 3917 2867],[-0.04492188  0.         -0.45703125],[0.01171875 1.21875    1.13085938],[0. 0. 0.],background
3,[ 1 26 26],[0.046875 1.21875  1.21875 ],[0 0 0],[0. 0. 0.],[2762 3509 2686],[-0.04492188  0.         -0.45703125],[0.01171875 1.21875    1.13085938],[0. 0. 0.],background
4,[ 1 11 26 26],[0.046875 0.515625 1.21875  1.21875 ],[0 0 0 0],[0. 0. 0. 0.],[2767  647 3517 2811],[-0.04492188 -0.09765625  0.         -0.45703125],[0.01171875 0.50585938 1.21875    1.13085938],[0. 0. 0. 0.],background
6,[ 1 26 10  5 26  5],[0.046875 1.21875  0.46875  0.234375 1.21875  0.234375],[ 0  0  1 -4  0 -4],[ 0.          0.          0.05853521 -0.23414086  0.         -0.23414086],[2760 4057  820   94 3235   71],[-0.04492188  0.         -0.02929688  0.02148438 -0.45703125 -0.07421875],[0.01171875 1.21875    0.46875    0.23242188 1.13085938 0.22265625],[0. 0. 0. 0. 0. 0.],background
