2.0,0.05609654635190964,0.740885853767395,0.0,0.0,0.0,0.0,0.0,0.0,0.0,0.0,0.0,0.0,0.0,0.0,0.0,0.0,0.0,0.0,0.0,0.0,2639.0,988.0,0.0,0.0,0.0,0.0,0.0,0.0,0.0,0.0,-0.054516084492206573,-0.02607291005551815,0.0,0.0,0.0,0.0,0.0,0.0,0.0,0.0,0.01322190836071968,0.7404268980026245,0.0,0.0,0.0,0.0,0.0,0.0,0.0,0.0,1.0
3.0,0.4781297445297241,2.6990396976470947,0.47624579071998596,0.0,0.0,0.0,0.0,0.0,0.0,0.0,0.0,0.0,0.0,0.0,0.0,0.0,0.0,0.0,0.0,0.0,2848.0,1962.0,2051.0,0.0,0.0,0.0,0.0,0.0,0.0,0.0,-0.11140243709087372,0.1825103759765625,0.08058899641036987,0.0,0.0,0.0,0.0,0.0,0.0,0.0,0.4649704694747925,2.692862033843994,0.4693777561187744,0.0,0.0,0.0,0.0,0.0,0.0,0.0,1.0
8.0,0.05609654635190964,0.4771747589111328,0.740885853767395,2.6990396976470947,0.4771440029144287,3.0700039863586426,0.47590404748916626,0.4780177175998688,0.0,0.0,0.0,0.0,0.0,0.0,-5.0,-5.0,-2.0,-2.0,0.0,0.0,2525.0,876.0,932.0,1723.0,1144.0,26.0,659.0,491.0,0.0,0.0,-0.054516084492206573,0.09718085080385208,-0.02607291005551815,0.1825103759765625,0.03318370506167412,0.310504674911499,0.06399714201688766,-0.12799428403377533,0.0,0.0,0.01322190836071968,0.46717411279678345,0.7404268980026245,2.692862033843994,0.4759887158870697,3.0542609691619873,0.47158142924308777,0.46056315302848816,0.0,0.0,7.0
2.0,0.5292675495147705,0.740885853767395,0.0,0.0,0.0,0.0,0.0,0.0,0.0,0.0,0.0,0.0,0.0,0.0,0.0,0.0,0.0,0.0,0.0,0.0,1965.0,935.0,0.0,0.0,0.0,0.0,0.0,0.0,0.0,0.0,0.07110793888568878,-0.02607291005551815,0.0,0.0,0.0,0.0,0.0,0.0,0.0,0.0,0.5244690775871277,0.7404268980026245,0.0,0.0,0.0,0.0,0.0,0.0,0.0,0.0,7.0
5.0,0.05609654635190964,0.5300700664520264,0.740885853767395,2.6990396976470947,0.47624579071998596,0.0,0.0,0.0,0.0,0.0,0.0,0.0,0.0,0.0,5.0,0.0,0.0,0.0,0.0,0.0,2522.0,1176.0,916.0,1798.0,858.0,0.0,0.0,0.0,0.0,0.0,-0.054516084492206573,-0.03555396944284439,-0.02607291005551815,0.1825103759765625,0.08058899641036987,0.0,0.0,0.0,0.0,0.0,0.01322190836071968,0.5288763642311096,0.7404268980026245,2.692862033843994,0.4693777561187744,0.0,0.0,0.0,0.0,0.0,7.0
7.0,0.05609654635190964,0.740885853767395,2.6990396976470947,0.4771440029144287,2.3892266750335693,0.4759887158870697,0.47852203249931335,0.0,0.0,0.0,0.0,0.0,0.0,1.0,3.0,-3.0,1.0,0.0,0.0,0.0,2527.0,958.0,1732.0,1069.0,28.0,782.0,862.0,0.0,0.0,0.0,-0.054516084492206573,-0.02607291005551815,0.1825103759765625,0.03318370506167412,-2.3892266750335693,0.0,-0.14458614587783813,0.0,0.0,0.0,0.01322190836071968,0.7404268980026245,2.692862033843994,0.4759887158870697,0.0,0.4759887158870697,0.4561558663845062,0.0,0.0,0.0,7.0
6.0,0.05609654635190964,0.793742835521698,2.6990396976470947,2.3696889877319336,0.476150780916214,0.4771747589111328,0.0,0.0,0.0,0.0,0.0,0.0,0.0,6.0,-4.0,-2.0,0.0,0.0,0.0,0.0,2523.0,972.0,1776.0,26.0,763.0,833.0,0.0,0.0,0.0,0.0,-0.054516084492206573,-0.02607291005551815,0.1825103759765625,-2.2399001121520996,0.047405291348695755,0.09718085080385208,0.0,0.0,0.0,0.0,0.01322190836071968,0.793314516544342,2.692862033843994,0.7734816670417786,0.47378507256507874,0.46717411279678345,0.0,0.0,0.0,0.0,7.0
4.0,0.05609654635190964,0.793742835521698,2.6990396976470947,0.47624579071998596,0.0,0.0,0.0,0.0,0.0,0.0,0.0,0.0,0.0,-5.0,0.0,0.0,0.0,0.0,0.0,0.0,2522.0,945.0,1852.0,733.0,0.0,0.0,0.0,0.0,0.0,0.0,-0.054516084492206573,-0.02607291005551815,0.1825103759765625,0.08058899641036987,0.0,0.0,0.0,0.0,0.0,0.0,0.01322190836071968,0.793314516544342,2.692862033843994,0.4693777561187744,0.0,0.0,0.0,0.0,0.0,0.0,7.0
5.0,0.05609654635190964,0.740885853767395,2.6990396976470947,0.42468908429145813,0.4239371120929718,0.0,0.0,0.0,0.0,0.0,0.0,0.0,0.0,-5.0,-5.0,0.0,0.0,0.0,0.0,0.0,2519.0,955.0,1799.0,349.0,286.0,0.0,0.0,0.0,0.0,0.0,-0.054516084492206573,-0.02607291005551815,0.1825103759765625,0.07110793888568878,-0.09955111145973206,0.0,0.0,0.0,0.0,0.0,0.01322190836071968,0.7404268980026245,2.692862033843994,0.41869378089904785,0.41208282113075256,0.0,0.0,0.0,0.0,0.0,7.0
2.0,0.05609654635190964,0.740885853767395,0.0,0.0,0.0,0.0,0.0,0.0,0.0,0.0,0.0,0.0,0.0,0.0,0.0,0.0,0.0,0.0,0.0,0.0,2524.0,938.0,0.0,0.0,0.0,0.0,0.0,0.0,0.0,0.0,-0.054516084492206573,-0.02607291005551815,0.0,0.0,0.0,0.0,0.0,0.0,0.0,0.0,0.01322190836071968,0.7404268980026245,0.0,0.0,0.0,0.0,0.0,0.0,0.0,0.0,7.0
2.0,0.05609654635190964,0.793742835521698,0.0,0.0,0.0,0.0,0.0,0.0,0.0,0.0,0.0,0.0,0.0,0.0,0.0,0.0,0.0,0.0,0.0,0.0,2520.0,946.0,0.0,0.0,0.0,0.0,0.0,0.0,0.0,0.0,-0.054516084492206573,-0.02607291005551815,0.0,0.0,0.0,0.0,0.0,0.0,0.0,0.0,0.01322190836071968,0.793314516544342,0.0,0.0,0.0,0.0,0.0,0.0,0.0,0.0,7.0
4.0,0.05609654635190964,0.740885853767395,2.6990396976470947,0.42468908429145813,0.0,0.0,0.0,0.0,0.0,0.0,0.0,0.0,0.0,2.0,0.0,0.0,0.0,0.0,0.0,0.0,2522.0,956.0,1808.0,300.0,0.0,0.0,0.0,0.0,0.0,0.0,-0.054516084492206573,-0.02607291005551815,0.1825103759765625,0.07110793888568878,0.0,0.0,0.0,0.0,0.0,0.0,0.01322190836071968,0.7404268980026245,2.692862033843994,0.41869378089904785,0.0,0.0,0.0,0.0,0.0,0.0,7.0
2.0,0.05609654635190964,0.740885853767395,0.0,0.0,0.0,0.0,0.0,0.0,0.0,0.0,0.0,0.0,0.0,0.0,0.0,0.0,0.0,0.0,0.0,0.0,2523.0,925.0,0.0,0.0,0.0,0.0,0.0,0.0,0.0,0.0,-0.054516084492206573,-0.02607291005551815,0.0,0.0,0.0,0.0,0.0,0.0,0.0,0.0,0.01322190836071968,0.7404268980026245,0.0,0.0,0.0,0.0,0.0,0.0,0.0,0.0,7.0
2.0,0.05609654635190964,0.793742835521698,0.0,0.0,0.0,0.0,0.0,0.0,0.0,0.0,0.0,0.0,0.0,0.0,0.0,0.0,0.0,0.0,0.0,0.0,2523.0,954.0,0.0,0.0,0.0,0.0,0.0,0.0,0.0,0.0,-0.054516084492206573,-0.02607291005551815,0.0,0.0,0.0,0.0,0.0,0.0,0.0,0.0,0.01322190836071968,0.793314516544342,0.0,0.0,0.0,0.0,0.0,0.0,0.0,0.0,7.0
2.0,0.05609654635190964,0.793742835521698,0.0,0.0,0.0,0.0,0.0,0.0,0.0,0.0,0.0,0.0,0.0,0.0,0.0,0.0,0.0,0.0,0.0,0.0,2523.0,954.0,0.0,0.0,0.0,0.0,0.0,0.0,0.0,0.0,-0.054516084492206573,-0.02607291005551815,0.0,0.0,0.0,0.0,0.0,0.0,0.0,0.0,0.01322190836071968,0.793314516544342,0.0,0.0,0.0,0.0,0.0,0.0,0.0,0.0,7.0
2.0,0.05609654635190964,0.793742835521698,0.0,0.0,0.0,0.0,0.0,0.0,0.0,0.0,0.0,0.0,0.0,0.0,0.0,0.0,0.0,0.0,0.0,0.0,2519.0,943.0,0.0,0.0,0.0,0.0,0.0,0.0,0.0,0.0,-0.054516084492206573,-0.02607291005551815,0.0,0.0,0.0,0.0,0.0,0.0,0.0,0.0,0.01322190836071968,0.793314516544342,0.0,0.0,0.0,0.0,0.0,0.0,0.0,0.0,7.0
2.0,0.05609654635190964,0.793742835521698,0.0,0.0,0.0,0.0,0.0,0.0,0.0,0.0,0.0,0.0,0.0,0.0,0.0,0.0,0.0,0.0,0.0,0.0,2520.0,943.0,0.0,0.0,0.0,0.0,0.0,0.0,0.0,0.0,-0.054516084492206573,-0.02607291005551815,0.0,0.0,0.0,0.0,0.0,0.0,0.0,0.0,0.01322190836071968,0.793314516544342,0.0,0.0,0.0,0.0,0.0,0.0,0.0,0.0,7.0
2.0,0.05609654635190964,0.793742835521698,0.0,0.0,0.0,0.0,0.0,0.0,0.0,0.0,0.0,0.0,0.0,0.0,0.0,0.0,0.0,0.0,0.0,0.0,2520.0,925.0,0.0,0.0,0.0,0.0,0.0,0.0,0.0,0.0,-0.054516084492206573,-0.02607291005551815,0.0,0.0,0.0,0.0,0.0,0.0,0.0,0.0,0.01322190836071968,0.793314516544342,0.0,0.0,0.0,0.0,0.0,0.0,0.0,0.0,7.0
2.0,0.05609654635190964,0.740885853767395,0.0,0.0,0.0,0.0,0.0,0.0,0.0,0.0,0.0,0.0,0.0,0.0,0.0,0.0,0.0,0.0,0.0,0.0,2520.0,886.0,0.0,0.0,0.0,0.0,0.0,0.0,0.0,0.0,-0.054516084492206573,-0.02607291005551815,0.0,0.0,0.0,0.0,0.0,0.0,0.0,0.0,0.01322190836071968,0.7404268980026245,0.0,0.0,0.0,0.0,0.0,0.0,0.0,0.0,7.0
2.0,0.05609654635190964,0.793742835521698,0.0,0.0,0.0,0.0,0.0,0.0,0.0,0.0,0.0,0.0,0.0,0.0,0.0,0.0,0.0,0.0,0.0,0.0,2519.0,910.0,0.0,0.0,0.0,0.0,0.0,0.0,0.0,0.0,-0.054516084492206573,-0.02607291005551815,0.0,0.0,0.0,0.0,0.0,0.0,0.0,0.0,0.01322190836071968,0.793314516544342,0.0,0.0,0.0,0.0,0.0,0.0,0.0,0.0,7.0
2.0,0.05609654635190964,0.793742835521698,0.0,0.0,0.0,0.0,0.0,0.0,0.0,0.0,0.0,0.0,0.0,0.0,0.0,0.0,0.0,0.0,0.0,0.0,2515.0,927.0,0.0,0.0,0.0,0.0,0.0,0.0,0.0,0.0,-0.054516084492206573,-0.02607291005551815,0.0,0.0,0.0,0.0,0.0,0.0,0.0,0.0,0.01322190836071968,0.793314516544342,0.0,0.0,0.0,0.0,0.0,0.0,0.0,0.0,7.0
2.0,0.05609654635190964,0.793742835521698,0.0,0.0,0.0,0.0,0.0,0.0,0.0,0.0,0.0,0.0,0.0,0.0,0.0,0.0,0.0,0.0,0.0,0.0,2517.0,930.0,0.0,0.0,0.0,0.0,0.0,0.0,0.0,0.0,-0.054516084492206573,-0.02607291005551815,0.0,0.0,0.0,0.0,0.0,0.0,0.0,0.0,0.01322190836071968,0.793314516544342,0.0,0.0,0.0,0.0,0.0,0.0,0.0,0.0,7.0
2.0,0.05609654635190964,0.793742835521698,0.0,0.0,0.0,0.0,0.0,0.0,0.0,0.0,0.0,0.0,0.0,0.0,0.0,0.0,0.0,0.0,0.0,0.0,2513.0,922.0,0.0,0.0,0.0,0.0,0.0,0.0,0.0,0.0,-0.054516084492206573,-0.02607291005551815,0.0,0.0,0.0,0.0,0.0,0.0,0.0,0.0,0.01322190836071968,0.793314516544342,0.0,0.0,0.0,0.0,0.0,0.0,0.0,0.0,7.0
2.0,0.05609654635190964,0.793742835521698,0.0,0.0,0.0,0.0,0.0,0.0,0.0,0.0,0.0,0.0,0.0,0.0,0.0,0.0,0.0,0.0,0.0,0.0,2517.0,937.0,0.0,0.0,0.0,0.0,0.0,0.0,0.0,0.0,-0.054516084492206573,-0.02607291005551815,0.0,0.0,0.0,0.0,0.0,0.0,0.0,0.0,0.01322190836071968,0.793314516544342,0.0,0.0,0.0,0.0,0.0,0.0,0.0,0.0,7.0
2.0,0.05609654635190964,0.793742835521698,0.0,0.0,0.0,0.0,0.0,0.0,0.0,0.0,0.0,0.0,0.0,0.0,0.0,0.0,0.0,0.0,0.0,0.0,2510.0,940.0,0.0,0.0,0.0,0.0,0.0,0.0,0.0,0.0,-0.054516084492206573,-0.02607291005551815,0.0,0.0,0.0,0.0,0.0,0.0,0.0,0.0,0.01322190836071968,0.793314516544342,0.0,0.0,0.0,0.0,0.0,0.0,0.0,0.0,7.0
2.0,0.05609654635190964,0.793742835521698,0.0,0.0,0.0,0.0,0.0,0.0,0.0,0.0,0.0,0.0,0.0,0.0,0.0,0.0,0.0,0.0,0.0,0.0,2515.0,937.0,0.0,0.0,0.0,0.0,0.0,0.0,0.0,0.0,-0.054516084492206573,-0.02607291005551815,0.0,0.0,0.0,0.0,0.0,0.0,0.0,0.0,0.01322190836071968,0.793314516544342,0.0,0.0,0.0,0.0,0.0,0.0,0.0,0.0,7.0
2.0,0.05609654635190964,0.793742835521698,0.0,0.0,0.0,0.0,0.0,0.0,0.0,0.0,0.0,0.0,0.0,0.0,0.0,0.0,0.0,0.0,0.0,0.0,2513.0,927.0,0.0,0.0,0.0,0.0,0.0,0.0,0.0,0.0,-0.054516084492206573,-0.02607291005551815,0.0,0.0,0.0,0.0,0.0,0.0,0.0,0.0,0.01322190836071968,0.793314516544342,0.0,0.0,0.0,0.0,0.0,0.0,0.0,0.0,7.0
2.0,0.05609654635190964,0.7398993968963623,0.0,0.0,0.0,0.0,0.0,0.0,0.0,0.0,0.0,0.0,0.0,0.0,0.0,0.0,0.0,0.0,0.0,0.0,2516.0,917.0,0.0,0.0,0.0,0.0,0.0,0.0,0.0,0.0,-0.054516084492206573,-0.04977555572986603,0.0,0.0,0.0,0.0,0.0,0.0,0.0,0.0,0.01322190836071968,0.7382232546806335,0.0,0.0,0.0,0.0,0.0,0.0,0.0,0.0,7.0
2.0,0.05609654635190964,0.7398993968963623,0.0,0.0,0.0,0.0,0.0,0.0,0.0,0.0,0.0,0.0,0.0,0.0,0.0,0.0,0.0,0.0,0.0,0.0,2515.0,927.0,0.0,0.0,0.0,0.0,0.0,0.0,0.0,0.0,-0.054516084492206573,-0.04977555572986603,0.0,0.0,0.0,0.0,0.0,0.0,0.0,0.0,0.01322190836071968,0.7382232546806335,0.0,0.0,0.0,0.0,0.0,0.0,0.0,0.0,7.0
2.0,0.05609654635190964,0.7398993968963623,0.0,0.0,0.0,0.0,0.0,0.0,0.0,0.0,0.0,0.0,0.0,0.0,0.0,0.0,0.0,0.0,0.0,0.0,2516.0,927.0,0.0,0.0,0.0,0.0,0.0,0.0,0.0,0.0,-0.054516084492206573,-0.04977555572986603,0.0,0.0,0.0,0.0,0.0,0.0,0.0,0.0,0.01322190836071968,0.7382232546806335,0.0,0.0,0.0,0.0,0.0,0.0,0.0,0.0,7.0
2.0,0.05609654635190964,0.793742835521698,0.0,0.0,0.0,0.0,0.0,0.0,0.0,0.0,0.0,0.0,0.0,0.0,0.0,0.0,0.0,0.0,0.0,0.0,2520.0,931.0,0.0,0.0,0.0,0.0,0.0,0.0,0.0,0.0,-0.054516084492206573,-0.02607291005551815,0.0,0.0,0.0,0.0,0.0,0.0,0.0,0.0,0.01322190836071968,0.793314516544342,0.0,0.0,0.0,0.0,0.0,0.0,0.0,0.0,7.0
2.0,0.05609654635190964,0.793742835521698,0.0,0.0,0.0,0.0,0.0,0.0,0.0,0.0,0.0,0.0,0.0,0.0,0.0,0.0,0.0,0.0,0.0,0.0,2515.0,931.0,0.0,0.0,0.0,0.0,0.0,0.0,0.0,0.0,-0.054516084492206573,-0.02607291005551815,0.0,0.0,0.0,0.0,0.0,0.0,0.0,0.0,0.01322190836071968,0.793314516544342,0.0,0.0,0.0,0.0,0.0,0.0,0.0,0.0,7.0
2.0,0.05609654635190964,0.793742835521698,0.0,0.0,0.0,0.0,0.0,0.0,0.0,0.0,0.0,0.0,0.0,0.0,0.0,0.0,0.0,0.0,0.0,0.0,2514.0,933.0,0.0,0.0,0.0,0.0,0.0,0.0,0.0,0.0,-0.054516084492206573,-0.02607291005551815,0.0,0.0,0.0,0.0,0.0,0.0,0.0,0.0,0.01322190836071968,0.793314516544342,0.0,0.0,0.0,0.0,0.0,0.0,0.0,0.0,7.0
2.0,0.05609654635190964,0.793742835521698,0.0,0.0,0.0,0.0,0.0,0.0,0.0,0.0,0.0,0.0,0.0,0.0,0.0,0.0,0.0,0.0,0.0,0.0,2515.0,918.0,0.0,0.0,0.0,0.0,0.0,0.0,0.0,0.0,-0.054516084492206573,-0.02607291005551815,0.0,0.0,0.0,0.0,0.0,0.0,0.0,0.0,0.01322190836071968,0.793314516544342,0.0,0.0,0.0,0.0,0.0,0.0,0.0,0.0,7.0
2.0,0.05609654635190964,0.793742835521698,0.0,0.0,0.0,0.0,0.0,0.0,0.0,0.0,0.0,0.0,0.0,0.0,0.0,0.0,0.0,0.0,0.0,0.0,2515.0,925.0,0.0,0.0,0.0,0.0,0.0,0.0,0.0,0.0,-0.054516084492206573,-0.02607291005551815,0.0,0.0,0.0,0.0,0.0,0.0,0.0,0.0,0.01322190836071968,0.793314516544342,0.0,0.0,0.0,0.0,0.0,0.0,0.0,0.0,7.0
2.0,0.05609654635190964,0.793742835521698,0.0,0.0,0.0,0.0,0.0,0.0,0.0,0.0,0.0,0.0,0.0,0.0,0.0,0.0,0.0,0.0,0.0,0.0,2507.0,933.0,0.0,0.0,0.0,0.0,0.0,0.0,0.0,0.0,-0.054516084492206573,-0.02607291005551815,0.0,0.0,0.0,0.0,0.0,0.0,0.0,0.0,0.01322190836071968,0.793314516544342,0.0,0.0,0.0,0.0,0.0,0.0,0.0,0.0,7.0
2.0,0.05609654635190964,0.793742835521698,0.0,0.0,0.0,0.0,0.0,0.0,0.0,0.0,0.0,0.0,0.0,0.0,0.0,0.0,0.0,0.0,0.0,0.0,2506.0,941.0,0.0,0.0,0.0,0.0,0.0,0.0,0.0,0.0,-0.054516084492206573,-0.02607291005551815,0.0,0.0,0.0,0.0,0.0,0.0,0.0,0.0,0.01322190836071968,0.793314516544342,0.0,0.0,0.0,0.0,0.0,0.0,0.0,0.0,7.0
2.0,0.05609654635190964,0.740885853767395,0.0,0.0,0.0,0.0,0.0,0.0,0.0,0.0,0.0,0.0,0.0,0.0,0.0,0.0,0.0,0.0,0.0,0.0,2510.0,955.0,0.0,0.0,0.0,0.0,0.0,0.0,0.0,0.0,-0.054516084492206573,-0.02607291005551815,0.0,0.0,0.0,0.0,0.0,0.0,0.0,0.0,0.01322190836071968,0.7404268980026245,0.0,0.0,0.0,0.0,0.0,0.0,0.0,0.0,7.0
2.0,0.05609654635190964,0.740885853767395,0.0,0.0,0.0,0.0,0.0,0.0,0.0,0.0,0.0,0.0,0.0,0.0,0.0,0.0,0.0,0.0,0.0,0.0,2515.0,975.0,0.0,0.0,0.0,0.0,0.0,0.0,0.0,0.0,-0.054516084492206573,-0.02607291005551815,0.0,0.0,0.0,0.0,0.0,0.0,0.0,0.0,0.01322190836071968,0.7404268980026245,0.0,0.0,0.0,0.0,0.0,0.0,0.0,0.0,7.0
2.0,0.05609654635190964,0.740885853767395,0.0,0.0,0.0,0.0,0.0,0.0,0.0,0.0,0.0,0.0,0.0,0.0,0.0,0.0,0.0,0.0,0.0,0.0,2514.0,994.0,0.0,0.0,0.0,0.0,0.0,0.0,0.0,0.0,-0.054516084492206573,-0.02607291005551815,0.0,0.0,0.0,0.0,0.0,0.0,0.0,0.0,0.01322190836071968,0.7404268980026245,0.0,0.0,0.0,0.0,0.0,0.0,0.0,0.0,7.0
2.0,0.05609654635190964,0.793742835521698,0.0,0.0,0.0,0.0,0.0,0.0,0.0,0.0,0.0,0.0,0.0,0.0,0.0,0.0,0.0,0.0,0.0,0.0,2513.0,956.0,0.0,0.0,0.0,0.0,0.0,0.0,0.0,0.0,-0.054516084492206573,-0.02607291005551815,0.0,0.0,0.0,0.0,0.0,0.0,0.0,0.0,0.01322190836071968,0.793314516544342,0.0,0.0,0.0,0.0,0.0,0.0,0.0,0.0,7.0
2.0,0.05609654635190964,0.793742835521698,0.0,0.0,0.0,0.0,0.0,0.0,0.0,0.0,0.0,0.0,0.0,0.0,0.0,0.0,0.0,0.0,0.0,0.0,2513.0,945.0,0.0,0.0,0.0,0.0,0.0,0.0,0.0,0.0,-0.054516084492206573,-0.02607291005551815,0.0,0.0,0.0,0.0,0.0,0.0,0.0,0.0,0.01322190836071968,0.793314516544342,0.0,0.0,0.0,0.0,0.0,0.0,0.0,0.0,7.0
2.0,0.05609654635190964,0.793742835521698,0.0,0.0,0.0,0.0,0.0,0.0,0.0,0.0,0.0,0.0,0.0,0.0,0.0,0.0,0.0,0.0,0.0,0.0,2517.0,943.0,0.0,0.0,0.0,0.0,0.0,0.0,0.0,0.0,-0.054516084492206573,-0.02607291005551815,0.0,0.0,0.0,0.0,0.0,0.0,0.0,0.0,0.01322190836071968,0.793314516544342,0.0,0.0,0.0,0.0,0.0,0.0,0.0,0.0,7.0
2.0,0.05609654635190964,0.793742835521698,0.0,0.0,0.0,0.0,0.0,0.0,0.0,0.0,0.0,0.0,0.0,0.0,0.0,0.0,0.0,0.0,0.0,0.0,2516.0,932.0,0.0,0.0,0.0,0.0,0.0,0.0,0.0,0.0,-0.054516084492206573,-0.02607291005551815,0.0,0.0,0.0,0.0,0.0,0.0,0.0,0.0,0.01322190836071968,0.793314516544342,0.0,0.0,0.0,0.0,0.0,0.0,0.0,0.0,7.0
3.0,0.05609654635190964,0.42468908429145813,0.793742835521698,0.0,0.0,0.0,0.0,0.0,0.0,0.0,0.0,0.0,0.0,0.0,0.0,0.0,0.0,0.0,0.0,0.0,2516.0,1024.0,949.0,0.0,0.0,0.0,0.0,0.0,0.0,0.0,-0.054516084492206573,0.07110793888568878,-0.02607291005551815,0.0,0.0,0.0,0.0,0.0,0.0,0.0,0.01322190836071968,0.41869378089904785,0.793314516544342,0.0,0.0,0.0,0.0,0.0,0.0,0.0,7.0
2.0,0.05609654635190964,0.740885853767395,0.0,0.0,0.0,0.0,0.0,0.0,0.0,0.0,0.0,0.0,0.0,0.0,0.0,0.0,0.0,0.0,0.0,0.0,2510.0,915.0,0.0,0.0,0.0,0.0,0.0,0.0,0.0,0.0,-0.054516084492206573,-0.02607291005551815,0.0,0.0,0.0,0.0,0.0,0.0,0.0,0.0,0.01322190836071968,0.7404268980026245,0.0,0.0,0.0,0.0,0.0,0.0,0.0,0.0,7.0
2.0,0.05609654635190964,0.793742835521698,0.0,0.0,0.0,0.0,0.0,0.0,0.0,0.0,0.0,0.0,0.0,0.0,0.0,0.0,0.0,0.0,0.0,0.0,2505.0,943.0,0.0,0.0,0.0,0.0,0.0,0.0,0.0,0.0,-0.054516084492206573,-0.02607291005551815,0.0,0.0,0.0,0.0,0.0,0.0,0.0,0.0,0.01322190836071968,0.793314516544342,0.0,0.0,0.0,0.0,0.0,0.0,0.0,0.0,7.0
2.0,0.05609654635190964,0.793742835521698,0.0,0.0,0.0,0.0,0.0,0.0,0.0,0.0,0.0,0.0,0.0,0.0,0.0,0.0,0.0,0.0,0.0,0.0,2506.0,955.0,0.0,0.0,0.0,0.0,0.0,0.0,0.0,0.0,-0.054516084492206573,-0.02607291005551815,0.0,0.0,0.0,0.0,0.0,0.0,0.0,0.0,0.01322190836071968,0.793314516544342,0.0,0.0,0.0,0.0,0.0,0.0,0.0,0.0,7.0
2.0,0.05609654635190964,0.793742835521698,0.0,0.0,0.0,0.0,0.0,0.0,0.0,0.0,0.0,0.0,0.0,0.0,0.0,0.0,0.0,0.0,0.0,0.0,2511.0,965.0,0.0,0.0,0.0,0.0,0.0,0.0,0.0,0.0,-0.054516084492206573,-0.02607291005551815,0.0,0.0,0.0,0.0,0.0,0.0,0.0,0.0,0.01322190836071968,0.793314516544342,0.0,0.0,0.0,0.0,0.0,0.0,0.0,0.0,7.0
2.0,0.05609654635190964,0.793742835521698,0.0,0.0,0.0,0.0,0.0,0.0,0.0,0.0,0.0,0.0,0.0,0.0,0.0,0.0,0.0,0.0,0.0,0.0,2514.0,971.0,0.0,0.0,0.0,0.0,0.0,0.0,0.0,0.0,-0.054516084492206573,-0.02607291005551815,0.0,0.0,0.0,0.0,0.0,0.0,0.0,0.0,0.01322190836071968,0.793314516544342,0.0,0.0,0.0,0.0,0.0,0.0,0.0,0.0,7.0
2.0,0.05609654635190964,0.793742835521698,0.0,0.0,0.0,0.0,0.0,0.0,0.0,0.0,0.0,0.0,0.0,0.0,0.0,0.0,0.0,0.0,0.0,0.0,2516.0,952.0,0.0,0.0,0.0,0.0,0.0,0.0,0.0,0.0,-0.054516084492206573,-0.02607291005551815,0.0,0.0,0.0,0.0,0.0,0.0,0.0,0.0,0.01322190836071968,0.793314516544342,0.0,0.0,0.0,0.0,0.0,0.0,0.0,0.0,7.0
2.0,0.05609654635190964,0.793742835521698,0.0,0.0,0.0,0.0,0.0,0.0,0.0,0.0,0.0,0.0,0.0,0.0,0.0,0.0,0.0,0.0,0.0,0.0,2513.0,949.0,0.0,0.0,0.0,0.0,0.0,0.0,0.0,0.0,-0.054516084492206573,-0.02607291005551815,0.0,0.0,0.0,0.0,0.0,0.0,0.0,0.0,0.01322190836071968,0.793314516544342,0.0,0.0,0.0,0.0,0.0,0.0,0.0,0.0,7.0
2.0,0.05609654635190964,0.793742835521698,0.0,0.0,0.0,0.0,0.0,0.0,0.0,0.0,0.0,0.0,0.0,0.0,0.0,0.0,0.0,0.0,0.0,0.0,2514.0,956.0,0.0,0.0,0.0,0.0,0.0,0.0,0.0,0.0,-0.054516084492206573,-0.02607291005551815,0.0,0.0,0.0,0.0,0.0,0.0,0.0,0.0,0.01322190836071968,0.793314516544342,0.0,0.0,0.0,0.0,0.0,0.0,0.0,0.0,7.0
2.0,0.05609654635190964,0.793742835521698,0.0,0.0,0.0,0.0,0.0,0.0,0.0,0.0,0.0,0.0,0.0,0.0,0.0,0.0,0.0,0.0,0.0,0.0,2514.0,958.0,0.0,0.0,0.0,0.0,0.0,0.0,0.0,0.0,-0.054516084492206573,-0.02607291005551815,0.0,0.0,0.0,0.0,0.0,0.0,0.0,0.0,0.01322190836071968,0.793314516544342,0.0,0.0,0.0,0.0,0.0,0.0,0.0,0.0,7.0
2.0,0.05609654635190964,0.793742835521698,0.0,0.0,0.0,0.0,0.0,0.0,0.0,0.0,0.0,0.0,0.0,0.0,0.0,0.0,0.0,0.0,0.0,0.0,2514.0,950.0,0.0,0.0,0.0,0.0,0.0,0.0,0.0,0.0,-0.054516084492206573,-0.02607291005551815,0.0,0.0,0.0,0.0,0.0,0.0,0.0,0.0,0.01322190836071968,0.793314516544342,0.0,0.0,0.0,0.0,0.0,0.0,0.0,0.0,7.0
2.0,0.05609654635190964,0.793742835521698,0.0,0.0,0.0,0.0,0.0,0.0,0.0,0.0,0.0,0.0,0.0,0.0,0.0,0.0,0.0,0.0,0.0,0.0,2513.0,942.0,0.0,0.0,0.0,0.0,0.0,0.0,0.0,0.0,-0.054516084492206573,-0.02607291005551815,0.0,0.0,0.0,0.0,0.0,0.0,0.0,0.0,0.01322190836071968,0.793314516544342,0.0,0.0,0.0,0.0,0.0,0.0,0.0,0.0,7.0
2.0,0.05609654635190964,0.793742835521698,0.0,0.0,0.0,0.0,0.0,0.0,0.0,0.0,0.0,0.0,0.0,0.0,0.0,0.0,0.0,0.0,0.0,0.0,2513.0,946.0,0.0,0.0,0.0,0.0,0.0,0.0,0.0,0.0,-0.054516084492206573,-0.02607291005551815,0.0,0.0,0.0,0.0,0.0,0.0,0.0,0.0,0.01322190836071968,0.793314516544342,0.0,0.0,0.0,0.0,0.0,0.0,0.0,0.0,7.0
2.0,0.05609654635190964,0.793742835521698,0.0,0.0,0.0,0.0,0.0,0.0,0.0,0.0,0.0,0.0,0.0,0.0,0.0,0.0,0.0,0.0,0.0,0.0,2515.0,965.0,0.0,0.0,0.0,0.0,0.0,0.0,0.0,0.0,-0.054516084492206573,-0.02607291005551815,0.0,0.0,0.0,0.0,0.0,0.0,0.0,0.0,0.01322190836071968,0.793314516544342,0.0,0.0,0.0,0.0,0.0,0.0,0.0,0.0,7.0
2.0,0.05609654635190964,0.793742835521698,0.0,0.0,0.0,0.0,0.0,0.0,0.0,0.0,0.0,0.0,0.0,0.0,0.0,0.0,0.0,0.0,0.0,0.0,2511.0,977.0,0.0,0.0,0.0,0.0,0.0,0.0,0.0,0.0,-0.054516084492206573,-0.02607291005551815,0.0,0.0,0.0,0.0,0.0,0.0,0.0,0.0,0.01322190836071968,0.793314516544342,0.0,0.0,0.0,0.0,0.0,0.0,0.0,0.0,7.0
2.0,0.05609654635190964,0.793742835521698,0.0,0.0,0.0,0.0,0.0,0.0,0.0,0.0,0.0,0.0,0.0,0.0,0.0,0.0,0.0,0.0,0.0,0.0,2517.0,962.0,0.0,0.0,0.0,0.0,0.0,0.0,0.0,0.0,-0.054516084492206573,-0.02607291005551815,0.0,0.0,0.0,0.0,0.0,0.0,0.0,0.0,0.01322190836071968,0.793314516544342,0.0,0.0,0.0,0.0,0.0,0.0,0.0,0.0,7.0
3.0,0.05609654635190964,0.7398993968963623,0.793742835521698,0.0,0.0,0.0,0.0,0.0,0.0,0.0,0.0,0.0,0.0,0.0,0.0,0.0,0.0,0.0,0.0,0.0,2515.0,929.0,940.0,0.0,0.0,0.0,0.0,0.0,0.0,0.0,-0.054516084492206573,-0.04977555572986603,-0.02607291005551815,0.0,0.0,0.0,0.0,0.0,0.0,0.0,0.01322190836071968,0.7382232546806335,0.793314516544342,0.0,0.0,0.0,0.0,0.0,0.0,0.0,7.0
2.0,0.05609654635190964,0.740885853767395,0.0,0.0,0.0,0.0,0.0,0.0,0.0,0.0,0.0,0.0,0.0,0.0,0.0,0.0,0.0,0.0,0.0,0.0,2517.0,891.0,0.0,0.0,0.0,0.0,0.0,0.0,0.0,0.0,-0.054516084492206573,-0.02607291005551815,0.0,0.0,0.0,0.0,0.0,0.0,0.0,0.0,0.01322190836071968,0.7404268980026245,0.0,0.0,0.0,0.0,0.0,0.0,0.0,0.0,7.0
2.0,0.05609654635190964,0.740885853767395,0.0,0.0,0.0,0.0,0.0,0.0,0.0,0.0,0.0,0.0,0.0,0.0,0.0,0.0,0.0,0.0,0.0,0.0,2514.0,881.0,0.0,0.0,0.0,0.0,0.0,0.0,0.0,0.0,-0.054516084492206573,-0.02607291005551815,0.0,0.0,0.0,0.0,0.0,0.0,0.0,0.0,0.01322190836071968,0.7404268980026245,0.0,0.0,0.0,0.0,0.0,0.0,0.0,0.0,7.0
2.0,0.05609654635190964,0.793742835521698,0.0,0.0,0.0,0.0,0.0,0.0,0.0,0.0,0.0,0.0,0.0,0.0,0.0,0.0,0.0,0.0,0.0,0.0,2514.0,920.0,0.0,0.0,0.0,0.0,0.0,0.0,0.0,0.0,-0.054516084492206573,-0.02607291005551815,0.0,0.0,0.0,0.0,0.0,0.0,0.0,0.0,0.01322190836071968,0.793314516544342,0.0,0.0,0.0,0.0,0.0,0.0,0.0,0.0,7.0
2.0,0.05609654635190964,0.793742835521698,0.0,0.0,0.0,0.0,0.0,0.0,0.0,0.0,0.0,0.0,0.0,0.0,0.0,0.0,0.0,0.0,0.0,0.0,2508.0,924.0,0.0,0.0,0.0,0.0,0.0,0.0,0.0,0.0,-0.054516084492206573,-0.02607291005551815,0.0,0.0,0.0,0.0,0.0,0.0,0.0,0.0,0.01322190836071968,0.793314516544342,0.0,0.0,0.0,0.0,0.0,0.0,0.0,0.0,7.0
2.0,0.05609654635190964,0.793742835521698,0.0,0.0,0.0,0.0,0.0,0.0,0.0,0.0,0.0,0.0,0.0,0.0,0.0,0.0,0.0,0.0,0.0,0.0,2514.0,926.0,0.0,0.0,0.0,0.0,0.0,0.0,0.0,0.0,-0.054516084492206573,-0.02607291005551815,0.0,0.0,0.0,0.0,0.0,0.0,0.0,0.0,0.01322190836071968,0.793314516544342,0.0,0.0,0.0,0.0,0.0,0.0,0.0,0.0,7.0
2.0,0.05609654635190964,0.793742835521698,0.0,0.0,0.0,0.0,0.0,0.0,0.0,0.0,0.0,0.0,0.0,0.0,0.0,0.0,0.0,0.0,0.0,0.0,2514.0,925.0,0.0,0.0,0.0,0.0,0.0,0.0,0.0,0.0,-0.054516084492206573,-0.02607291005551815,0.0,0.0,0.0,0.0,0.0,0.0,0.0,0.0,0.01322190836071968,0.793314516544342,0.0,0.0,0.0,0.0,0.0,0.0,0.0,0.0,7.0
2.0,0.05609654635190964,0.793742835521698,0.0,0.0,0.0,0.0,0.0,0.0,0.0,0.0,0.0,0.0,0.0,0.0,0.0,0.0,0.0,0.0,0.0,0.0,2513.0,927.0,0.0,0.0,0.0,0.0,0.0,0.0,0.0,0.0,-0.054516084492206573,-0.02607291005551815,0.0,0.0,0.0,0.0,0.0,0.0,0.0,0.0,0.01322190836071968,0.793314516544342,0.0,0.0,0.0,0.0,0.0,0.0,0.0,0.0,7.0
2.0,0.05609654635190964,0.793742835521698,0.0,0.0,0.0,0.0,0.0,0.0,0.0,0.0,0.0,0.0,0.0,0.0,0.0,0.0,0.0,0.0,0.0,0.0,2513.0,931.0,0.0,0.0,0.0,0.0,0.0,0.0,0.0,0.0,-0.054516084492206573,-0.02607291005551815,0.0,0.0,0.0,0.0,0.0,0.0,0.0,0.0,0.01322190836071968,0.793314516544342,0.0,0.0,0.0,0.0,0.0,0.0,0.0,0.0,7.0
2.0,0.05609654635190964,0.793742835521698,0.0,0.0,0.0,0.0,0.0,0.0,0.0,0.0,0.0,0.0,0.0,0.0,0.0,0.0,0.0,0.0,0.0,0.0,2515.0,932.0,0.0,0.0,0.0,0.0,0.0,0.0,0.0,0.0,-0.054516084492206573,-0.02607291005551815,0.0,0.0,0.0,0.0,0.0,0.0,0.0,0.0,0.01322190836071968,0.793314516544342,0.0,0.0,0.0,0.0,0.0,0.0,0.0,0.0,7.0
2.0,0.05609654635190964,0.793742835521698,0.0,0.0,0.0,0.0,0.0,0.0,0.0,0.0,0.0,0.0,0.0,0.0,0.0,0.0,0.0,0.0,0.0,0.0,2515.0,968.0,0.0,0.0,0.0,0.0,0.0,0.0,0.0,0.0,-0.054516084492206573,-0.02607291005551815,0.0,0.0,0.0,0.0,0.0,0.0,0.0,0.0,0.01322190836071968,0.793314516544342,0.0,0.0,0.0,0.0,0.0,0.0,0.0,0.0,7.0
2.0,0.05609654635190964,0.793742835521698,0.0,0.0,0.0,0.0,0.0,0.0,0.0,0.0,0.0,0.0,0.0,0.0,0.0,0.0,0.0,0.0,0.0,0.0,2514.0,926.0,0.0,0.0,0.0,0.0,0.0,0.0,0.0,0.0,-0.054516084492206573,-0.02607291005551815,0.0,0.0,0.0,0.0,0.0,0.0,0.0,0.0,0.01322190836071968,0.793314516544342,0.0,0.0,0.0,0.0,0.0,0.0,0.0,0.0,7.0
3.0,0.05609654635190964,0.4251413345336914,0.793742835521698,0.0,0.0,0.0,0.0,0.0,0.0,0.0,0.0,0.0,0.0,0.0,0.0,0.0,0.0,0.0,0.0,0.0,2511.0,919.0,925.0,0.0,0.0,0.0,0.0,0.0,0.0,0.0,-0.054516084492206573,0.08532952517271042,-0.02607291005551815,0.0,0.0,0.0,0.0,0.0,0.0,0.0,0.01322190836071968,0.4164901375770569,0.793314516544342,0.0,0.0,0.0,0.0,0.0,0.0,0.0,7.0
3.0,0.05609654635190964,0.42468908429145813,0.740885853767395,0.0,0.0,0.0,0.0,0.0,0.0,0.0,0.0,0.0,0.0,0.0,0.0,0.0,0.0,0.0,0.0,0.0,2510.0,1022.0,902.0,0.0,0.0,0.0,0.0,0.0,0.0,0.0,-0.054516084492206573,0.07110793888568878,-0.02607291005551815,0.0,0.0,0.0,0.0,0.0,0.0,0.0,0.01322190836071968,0.41869378089904785,0.7404268980026245,0.0,0.0,0.0,0.0,0.0,0.0,0.0,7.0
2.0,0.05609654635190964,0.740885853767395,0.0,0.0,0.0,0.0,0.0,0.0,0.0,0.0,0.0,0.0,0.0,0.0,0.0,0.0,0.0,0.0,0.0,0.0,2512.0,945.0,0.0,0.0,0.0,0.0,0.0,0.0,0.0,0.0,-0.054516084492206573,-0.02607291005551815,0.0,0.0,0.0,0.0,0.0,0.0,0.0,0.0,0.01322190836071968,0.7404268980026245,0.0,0.0,0.0,0.0,0.0,0.0,0.0,0.0,7.0
2.0,0.05609654635190964,0.793742835521698,0.0,0.0,0.0,0.0,0.0,0.0,0.0,0.0,0.0,0.0,0.0,0.0,0.0,0.0,0.0,0.0,0.0,0.0,2507.0,953.0,0.0,0.0,0.0,0.0,0.0,0.0,0.0,0.0,-0.054516084492206573,-0.02607291005551815,0.0,0.0,0.0,0.0,0.0,0.0,0.0,0.0,0.01322190836071968,0.793314516544342,0.0,0.0,0.0,0.0,0.0,0.0,0.0,0.0,7.0
2.0,0.05609654635190964,0.793742835521698,0.0,0.0,0.0,0.0,0.0,0.0,0.0,0.0,0.0,0.0,0.0,0.0,0.0,0.0,0.0,0.0,0.0,0.0,2511.0,938.0,0.0,0.0,0.0,0.0,0.0,0.0,0.0,0.0,-0.054516084492206573,-0.02607291005551815,0.0,0.0,0.0,0.0,0.0,0.0,0.0,0.0,0.01322190836071968,0.793314516544342,0.0,0.0,0.0,0.0,0.0,0.0,0.0,0.0,7.0
2.0,0.05609654635190964,0.740885853767395,0.0,0.0,0.0,0.0,0.0,0.0,0.0,0.0,0.0,0.0,0.0,0.0,0.0,0.0,0.0,0.0,0.0,0.0,2505.0,932.0,0.0,0.0,0.0,0.0,0.0,0.0,0.0,0.0,-0.054516084492206573,-0.02607291005551815,0.0,0.0,0.0,0.0,0.0,0.0,0.0,0.0,0.01322190836071968,0.7404268980026245,0.0,0.0,0.0,0.0,0.0,0.0,0.0,0.0,7.0
3.0,0.05609654635190964,0.582072913646698,0.793742835521698,0.0,0.0,0.0,0.0,0.0,0.0,0.0,0.0,0.0,0.0,0.0,0.0,0.0,0.0,0.0,0.0,0.0,2507.0,265.0,972.0,0.0,0.0,0.0,0.0,0.0,0.0,0.0,-0.054516084492206573,0.018962116912007332,-0.02607291005551815,0.0,0.0,0.0,0.0,0.0,0.0,0.0,0.01322190836071968,0.5817639827728271,0.793314516544342,0.0,0.0,0.0,0.0,0.0,0.0,0.0,7.0
2.0,0.05609654635190964,0.793742835521698,0.0,0.0,0.0,0.0,0.0,0.0,0.0,0.0,0.0,0.0,0.0,0.0,0.0,0.0,0.0,0.0,0.0,0.0,2511.0,944.0,0.0,0.0,0.0,0.0,0.0,0.0,0.0,0.0,-0.054516084492206573,-0.02607291005551815,0.0,0.0,0.0,0.0,0.0,0.0,0.0,0.0,0.01322190836071968,0.793314516544342,0.0,0.0,0.0,0.0,0.0,0.0,0.0,0.0,7.0
2.0,0.05609654635190964,0.740885853767395,0.0,0.0,0.0,0.0,0.0,0.0,0.0,0.0,0.0,0.0,0.0,0.0,0.0,0.0,0.0,0.0,0.0,0.0,2513.0,933.0,0.0,0.0,0.0,0.0,0.0,0.0,0.0,0.0,-0.054516084492206573,-0.02607291005551815,0.0,0.0,0.0,0.0,0.0,0.0,0.0,0.0,0.01322190836071968,0.7404268980026245,0.0,0.0,0.0,0.0,0.0,0.0,0.0,0.0,7.0
2.0,0.05609654635190964,0.793742835521698,0.0,0.0,0.0,0.0,0.0,0.0,0.0,0.0,0.0,0.0,0.0,0.0,0.0,0.0,0.0,0.0,0.0,0.0,2512.0,951.0,0.0,0.0,0.0,0.0,0.0,0.0,0.0,0.0,-0.054516084492206573,-0.02607291005551815,0.0,0.0,0.0,0.0,0.0,0.0,0.0,0.0,0.01322190836071968,0.793314516544342,0.0,0.0,0.0,0.0,0.0,0.0,0.0,0.0,7.0
5.0,0.05609654635190964,0.5886847376823425,0.793742835521698,2.6990396976470947,0.5817639827728271,0.0,0.0,0.0,0.0,0.0,0.0,0.0,0.0,0.0,0.0,0.0,0.0,0.0,0.0,0.0,2510.0,270.0,954.0,1821.0,253.0,0.0,0.0,0.0,0.0,0.0,-0.054516084492206573,-0.2346561998128891,-0.02607291005551815,0.1825103759765625,0.0,0.0,0.0,0.0,0.0,0.0,0.01322190836071968,0.5398945808410645,0.793314516544342,2.692862033843994,0.5817639827728271,0.0,0.0,0.0,0.0,0.0,7.0
5.0,0.05609654635190964,0.5886847376823425,0.793742835521698,2.6990396976470947,0.5817639827728271,0.0,0.0,0.0,0.0,0.0,0.0,0.0,0.0,0.0,0.0,0.0,0.0,0.0,0.0,0.0,2509.0,305.0,957.0,1818.0,286.0,0.0,0.0,0.0,0.0,0.0,-0.054516084492206573,-0.2346561998128891,-0.02607291005551815,0.1825103759765625,0.0,0.0,0.0,0.0,0.0,0.0,0.01322190836071968,0.5398945808410645,0.793314516544342,2.692862033843994,0.5817639827728271,0.0,0.0,0.0,0.0,0.0,7.0
2.0,0.05609654635190964,0.793742835521698,0.0,0.0,0.0,0.0,0.0,0.0,0.0,0.0,0.0,0.0,0.0,0.0,0.0,0.0,0.0,0.0,0.0,0.0,2504.0,947.0,0.0,0.0,0.0,0.0,0.0,0.0,0.0,0.0,-0.054516084492206573,-0.02607291005551815,0.0,0.0,0.0,0.0,0.0,0.0,0.0,0.0,0.01322190836071968,0.793314516544342,0.0,0.0,0.0,0.0,0.0,0.0,0.0,0.0,7.0
2.0,0.05609654635190964,0.793742835521698,0.0,0.0,0.0,0.0,0.0,0.0,0.0,0.0,0.0,0.0,0.0,0.0,0.0,0.0,0.0,0.0,0.0,0.0,2505.0,935.0,0.0,0.0,0.0,0.0,0.0,0.0,0.0,0.0,-0.054516084492206573,-0.02607291005551815,0.0,0.0,0.0,0.0,0.0,0.0,0.0,0.0,0.01322190836071968,0.793314516544342,0.0,0.0,0.0,0.0,0.0,0.0,0.0,0.0,7.0
2.0,0.05609654635190964,0.793742835521698,0.0,0.0,0.0,0.0,0.0,0.0,0.0,0.0,0.0,0.0,0.0,0.0,0.0,0.0,0.0,0.0,0.0,0.0,2510.0,937.0,0.0,0.0,0.0,0.0,0.0,0.0,0.0,0.0,-0.054516084492206573,-0.02607291005551815,0.0,0.0,0.0,0.0,0.0,0.0,0.0,0.0,0.01322190836071968,0.793314516544342,0.0,0.0,0.0,0.0,0.0,0.0,0.0,0.0,7.0
2.0,0.05609654635190964,0.793742835521698,0.0,0.0,0.0,0.0,0.0,0.0,0.0,0.0,0.0,0.0,0.0,0.0,0.0,0.0,0.0,0.0,0.0,0.0,2511.0,973.0,0.0,0.0,0.0,0.0,0.0,0.0,0.0,0.0,-0.054516084492206573,-0.02607291005551815,0.0,0.0,0.0,0.0,0.0,0.0,0.0,0.0,0.01322190836071968,0.793314516544342,0.0,0.0,0.0,0.0,0.0,0.0,0.0,0.0,7.0
2.0,0.05609654635190964,0.793742835521698,0.0,0.0,0.0,0.0,0.0,0.0,0.0,0.0,0.0,0.0,0.0,0.0,0.0,0.0,0.0,0.0,0.0,0.0,2512.0,983.0,0.0,0.0,0.0,0.0,0.0,0.0,0.0,0.0,-0.054516084492206573,-0.02607291005551815,0.0,0.0,0.0,0.0,0.0,0.0,0.0,0.0,0.01322190836071968,0.793314516544342,0.0,0.0,0.0,0.0,0.0,0.0,0.0,0.0,7.0
2.0,0.05609654635190964,0.793742835521698,0.0,0.0,0.0,0.0,0.0,0.0,0.0,0.0,0.0,0.0,0.0,0.0,0.0,0.0,0.0,0.0,0.0,0.0,2512.0,927.0,0.0,0.0,0.0,0.0,0.0,0.0,0.0,0.0,-0.054516084492206573,-0.02607291005551815,0.0,0.0,0.0,0.0,0.0,0.0,0.0,0.0,0.01322190836071968,0.793314516544342,0.0,0.0,0.0,0.0,0.0,0.0,0.0,0.0,7.0
2.0,0.05609654635190964,0.793742835521698,0.0,0.0,0.0,0.0,0.0,0.0,0.0,0.0,0.0,0.0,0.0,0.0,0.0,0.0,0.0,0.0,0.0,0.0,2514.0,936.0,0.0,0.0,0.0,0.0,0.0,0.0,0.0,0.0,-0.054516084492206573,-0.02607291005551815,0.0,0.0,0.0,0.0,0.0,0.0,0.0,0.0,0.01322190836071968,0.793314516544342,0.0,0.0,0.0,0.0,0.0,0.0,0.0,0.0,7.0
2.0,0.05609654635190964,0.793742835521698,0.0,0.0,0.0,0.0,0.0,0.0,0.0,0.0,0.0,0.0,0.0,0.0,0.0,0.0,0.0,0.0,0.0,0.0,2514.0,989.0,0.0,0.0,0.0,0.0,0.0,0.0,0.0,0.0,-0.054516084492206573,-0.02607291005551815,0.0,0.0,0.0,0.0,0.0,0.0,0.0,0.0,0.01322190836071968,0.793314516544342,0.0,0.0,0.0,0.0,0.0,0.0,0.0,0.0,7.0
2.0,0.05609654635190964,0.740885853767395,0.0,0.0,0.0,0.0,0.0,0.0,0.0,0.0,0.0,0.0,0.0,0.0,0.0,0.0,0.0,0.0,0.0,0.0,2513.0,964.0,0.0,0.0,0.0,0.0,0.0,0.0,0.0,0.0,-0.054516084492206573,-0.02607291005551815,0.0,0.0,0.0,0.0,0.0,0.0,0.0,0.0,0.01322190836071968,0.7404268980026245,0.0,0.0,0.0,0.0,0.0,0.0,0.0,0.0,7.0
2.0,0.05609654635190964,0.740885853767395,0.0,0.0,0.0,0.0,0.0,0.0,0.0,0.0,0.0,0.0,0.0,0.0,0.0,0.0,0.0,0.0,0.0,0.0,2513.0,984.0,0.0,0.0,0.0,0.0,0.0,0.0,0.0,0.0,-0.054516084492206573,-0.02607291005551815,0.0,0.0,0.0,0.0,0.0,0.0,0.0,0.0,0.01322190836071968,0.7404268980026245,0.0,0.0,0.0,0.0,0.0,0.0,0.0,0.0,7.0
2.0,0.05609654635190964,0.740885853767395,0.0,0.0,0.0,0.0,0.0,0.0,0.0,0.0,0.0,0.0,0.0,0.0,0.0,0.0,0.0,0.0,0.0,0.0,2513.0,984.0,0.0,0.0,0.0,0.0,0.0,0.0,0.0,0.0,-0.054516084492206573,-0.02607291005551815,0.0,0.0,0.0,0.0,0.0,0.0,0.0,0.0,0.01322190836071968,0.7404268980026245,0.0,0.0,0.0,0.0,0.0,0.0,0.0,0.0,7.0
2.0,0.05609654635190964,0.740885853767395,0.0,0.0,0.0,0.0,0.0,0.0,0.0,0.0,0.0,0.0,0.0,0.0,0.0,0.0,0.0,0.0,0.0,0.0,2508.0,980.0,0.0,0.0,0.0,0.0,0.0,0.0,0.0,0.0,-0.054516084492206573,-0.02607291005551815,0.0,0.0,0.0,0.0,0.0,0.0,0.0,0.0,0.01322190836071968,0.7404268980026245,0.0,0.0,0.0,0.0,0.0,0.0,0.0,0.0,7.0
2.0,0.05609654635190964,0.793742835521698,0.0,0.0,0.0,0.0,0.0,0.0,0.0,0.0,0.0,0.0,0.0,0.0,0.0,0.0,0.0,0.0,0.0,0.0,2509.0,996.0,0.0,0.0,0.0,0.0,0.0,0.0,0.0,0.0,-0.054516084492206573,-0.02607291005551815,0.0,0.0,0.0,0.0,0.0,0.0,0.0,0.0,0.01322190836071968,0.793314516544342,0.0,0.0,0.0,0.0,0.0,0.0,0.0,0.0,7.0
2.0,0.05609654635190964,0.793742835521698,0.0,0.0,0.0,0.0,0.0,0.0,0.0,0.0,0.0,0.0,0.0,0.0,0.0,0.0,0.0,0.0,0.0,0.0,2510.0,984.0,0.0,0.0,0.0,0.0,0.0,0.0,0.0,0.0,-0.054516084492206573,-0.02607291005551815,0.0,0.0,0.0,0.0,0.0,0.0,0.0,0.0,0.01322190836071968,0.793314516544342,0.0,0.0,0.0,0.0,0.0,0.0,0.0,0.0,7.0
2.0,0.05609654635190964,0.740885853767395,0.0,0.0,0.0,0.0,0.0,0.0,0.0,0.0,0.0,0.0,0.0,0.0,0.0,0.0,0.0,0.0,0.0,0.0,2509.0,918.0,0.0,0.0,0.0,0.0,0.0,0.0,0.0,0.0,-0.054516084492206573,-0.02607291005551815,0.0,0.0,0.0,0.0,0.0,0.0,0.0,0.0,0.01322190836071968,0.7404268980026245,0.0,0.0,0.0,0.0,0.0,0.0,0.0,0.0,7.0
2.0,0.05609654635190964,0.740885853767395,0.0,0.0,0.0,0.0,0.0,0.0,0.0,0.0,0.0,0.0,0.0,0.0,0.0,0.0,0.0,0.0,0.0,0.0,2505.0,912.0,0.0,0.0,0.0,0.0,0.0,0.0,0.0,0.0,-0.054516084492206573,-0.02607291005551815,0.0,0.0,0.0,0.0,0.0,0.0,0.0,0.0,0.01322190836071968,0.7404268980026245,0.0,0.0,0.0,0.0,0.0,0.0,0.0,0.0,7.0
2.0,0.05609654635190964,0.740885853767395,0.0,0.0,0.0,0.0,0.0,0.0,0.0,0.0,0.0,0.0,0.0,0.0,0.0,0.0,0.0,0.0,0.0,0.0,2509.0,916.0,0.0,0.0,0.0,0.0,0.0,0.0,0.0,0.0,-0.054516084492206573,-0.02607291005551815,0.0,0.0,0.0,0.0,0.0,0.0,0.0,0.0,0.01322190836071968,0.7404268980026245,0.0,0.0,0.0,0.0,0.0,0.0,0.0,0.0,7.0
2.0,0.05609654635190964,0.740885853767395,0.0,0.0,0.0,0.0,0.0,0.0,0.0,0.0,0.0,0.0,0.0,0.0,0.0,0.0,0.0,0.0,0.0,0.0,2504.0,930.0,0.0,0.0,0.0,0.0,0.0,0.0,0.0,0.0,-0.054516084492206573,-0.02607291005551815,0.0,0.0,0.0,0.0,0.0,0.0,0.0,0.0,0.01322190836071968,0.7404268980026245,0.0,0.0,0.0,0.0,0.0,0.0,0.0,0.0,7.0
2.0,0.05609654635190964,0.740885853767395,0.0,0.0,0.0,0.0,0.0,0.0,0.0,0.0,0.0,0.0,0.0,0.0,0.0,0.0,0.0,0.0,0.0,0.0,2506.0,932.0,0.0,0.0,0.0,0.0,0.0,0.0,0.0,0.0,-0.054516084492206573,-0.02607291005551815,0.0,0.0,0.0,0.0,0.0,0.0,0.0,0.0,0.01322190836071968,0.7404268980026245,0.0,0.0,0.0,0.0,0.0,0.0,0.0,0.0,7.0
2.0,0.05609654635190964,0.740885853767395,0.0,0.0,0.0,0.0,0.0,0.0,0.0,0.0,0.0,0.0,0.0,0.0,0.0,0.0,0.0,0.0,0.0,0.0,2507.0,921.0,0.0,0.0,0.0,0.0,0.0,0.0,0.0,0.0,-0.054516084492206573,-0.02607291005551815,0.0,0.0,0.0,0.0,0.0,0.0,0.0,0.0,0.01322190836071968,0.7404268980026245,0.0,0.0,0.0,0.0,0.0,0.0,0.0,0.0,7.0
2.0,0.05609654635190964,0.740885853767395,0.0,0.0,0.0,0.0,0.0,0.0,0.0,0.0,0.0,0.0,0.0,0.0,0.0,0.0,0.0,0.0,0.0,0.0,2509.0,912.0,0.0,0.0,0.0,0.0,0.0,0.0,0.0,0.0,-0.054516084492206573,-0.02607291005551815,0.0,0.0,0.0,0.0,0.0,0.0,0.0,0.0,0.01322190836071968,0.7404268980026245,0.0,0.0,0.0,0.0,0.0,0.0,0.0,0.0,7.0
2.0,0.05609654635190964,0.740885853767395,0.0,0.0,0.0,0.0,0.0,0.0,0.0,0.0,0.0,0.0,0.0,0.0,0.0,0.0,0.0,0.0,0.0,0.0,2510.0,921.0,0.0,0.0,0.0,0.0,0.0,0.0,0.0,0.0,-0.054516084492206573,-0.02607291005551815,0.0,0.0,0.0,0.0,0.0,0.0,0.0,0.0,0.01322190836071968,0.7404268980026245,0.0,0.0,0.0,0.0,0.0,0.0,0.0,0.0,7.0
2.0,0.05609654635190964,0.740885853767395,0.0,0.0,0.0,0.0,0.0,0.0,0.0,0.0,0.0,0.0,0.0,0.0,0.0,0.0,0.0,0.0,0.0,0.0,2511.0,932.0,0.0,0.0,0.0,0.0,0.0,0.0,0.0,0.0,-0.054516084492206573,-0.02607291005551815,0.0,0.0,0.0,0.0,0.0,0.0,0.0,0.0,0.01322190836071968,0.7404268980026245,0.0,0.0,0.0,0.0,0.0,0.0,0.0,0.0,7.0
2.0,0.05609654635190964,0.740885853767395,0.0,0.0,0.0,0.0,0.0,0.0,0.0,0.0,0.0,0.0,0.0,0.0,0.0,0.0,0.0,0.0,0.0,0.0,2510.0,921.0,0.0,0.0,0.0,0.0,0.0,0.0,0.0,0.0,-0.054516084492206573,-0.02607291005551815,0.0,0.0,0.0,0.0,0.0,0.0,0.0,0.0,0.01322190836071968,0.7404268980026245,0.0,0.0,0.0,0.0,0.0,0.0,0.0,0.0,7.0
2.0,0.05609654635190964,0.740885853767395,0.0,0.0,0.0,0.0,0.0,0.0,0.0,0.0,0.0,0.0,0.0,0.0,0.0,0.0,0.0,0.0,0.0,0.0,2505.0,954.0,0.0,0.0,0.0,0.0,0.0,0.0,0.0,0.0,-0.054516084492206573,-0.02607291005551815,0.0,0.0,0.0,0.0,0.0,0.0,0.0,0.0,0.01322190836071968,0.7404268980026245,0.0,0.0,0.0,0.0,0.0,0.0,0.0,0.0,7.0
2.0,0.05609654635190964,0.740885853767395,0.0,0.0,0.0,0.0,0.0,0.0,0.0,0.0,0.0,0.0,0.0,0.0,0.0,0.0,0.0,0.0,0.0,0.0,2505.0,962.0,0.0,0.0,0.0,0.0,0.0,0.0,0.0,0.0,-0.054516084492206573,-0.02607291005551815,0.0,0.0,0.0,0.0,0.0,0.0,0.0,0.0,0.01322190836071968,0.7404268980026245,0.0,0.0,0.0,0.0,0.0,0.0,0.0,0.0,7.0
2.0,0.05609654635190964,0.740885853767395,0.0,0.0,0.0,0.0,0.0,0.0,0.0,0.0,0.0,0.0,0.0,0.0,0.0,0.0,0.0,0.0,0.0,0.0,2507.0,934.0,0.0,0.0,0.0,0.0,0.0,0.0,0.0,0.0,-0.054516084492206573,-0.02607291005551815,0.0,0.0,0.0,0.0,0.0,0.0,0.0,0.0,0.01322190836071968,0.7404268980026245,0.0,0.0,0.0,0.0,0.0,0.0,0.0,0.0,7.0
2.0,0.05609654635190964,0.740885853767395,0.0,0.0,0.0,0.0,0.0,0.0,0.0,0.0,0.0,0.0,0.0,0.0,0.0,0.0,0.0,0.0,0.0,0.0,2508.0,921.0,0.0,0.0,0.0,0.0,0.0,0.0,0.0,0.0,-0.054516084492206573,-0.02607291005551815,0.0,0.0,0.0,0.0,0.0,0.0,0.0,0.0,0.01322190836071968,0.7404268980026245,0.0,0.0,0.0,0.0,0.0,0.0,0.0,0.0,7.0
3.0,0.05609654635190964,0.582072913646698,0.793742835521698,0.0,0.0,0.0,0.0,0.0,0.0,0.0,0.0,0.0,0.0,0.0,0.0,0.0,0.0,0.0,0.0,0.0,2505.0,304.0,920.0,0.0,0.0,0.0,0.0,0.0,0.0,0.0,-0.054516084492206573,0.018962116912007332,-0.02607291005551815,0.0,0.0,0.0,0.0,0.0,0.0,0.0,0.01322190836071968,0.5817639827728271,0.793314516544342,0.0,0.0,0.0,0.0,0.0,0.0,0.0,7.0
